17433696
21664823
23040731
23059543
23142066
23232060
23256033
23291120
23360348
23787099
23816042
24332090
24355130
24675135
24900635
24900715
24954438
24983663
25042558
25435471
25464886
25556101
25589915
25637123
25662701
25800647
25849762
25897704
25899678
25977981
25982075
26087940
26316466
26342134
26408454
26451772
26455654
26565666
26596710
26630553
26731167
26753815
26819001
26854747
26914744
26985295
26985301
27050625
27077705
27089211
27106709
27155464
27186676
27209235
27362616
27448924
27476421
27479483
27545040
27634676
27660690
27660692
27727125
27784673
27889631
27912175
27956037
27992216
27994736
27997879
28004945
28005357
28011205
28017532
28068599
28108251
28109945
28129980
28140585
28151659
28249207
28283335
28315597
28347666
28358513
28385595
28395219
28432946
28489362
28494256
28495381
28505447
28520415
28526367
28529042
28541707
28557430
28576633
28586211
28586220
28628824
28633896
28740606
28751196
28814374
28835805
28956923
29032031
29057054
29102081
29102175
29146136
29202403
29211480
29247857
29360358
29407968
29409752
29429832
29437386
29499108
29509411
29526098
29541370
29544149
29561612
29684894
29759799
29778892
29852070
29853338
29908439
29927604
29937355
29952567
30006143
30049586
30053721
30077608
30193214
30253346
30317026
30339381
30340900
30418766
30471829
30503935
30528696
30543440
30562697
30565931
30582813
30605829
30605831
30606672
30611057
30616052
30626557
30626559
30633509
30665142
30689946
30689953
30721061
30728112
30731399
30742435
30776694
30840447
30840451
30878826
30878832
30902399
30967303
30968693
30978560
31013427
31096153
31098000
31117517
31129452
31153805
31185413
31207462
31223438
31228810
31234030
31244114
31265286
31330446
31335136
31358465
31362920
31395509
31408333
31420268
31445234
31445853
31493743
31531204
31550150
31620226
31622096
31655429
31699536
31718182
31721578
31846325
31866272
31911293
31991336
32069401
32078865
32129996
32184968
32216342
32222676
32284225
32298120
32371098
32375077
32387837
32402933
32402934
32433887
32435375
32462866
32479083
32505849
32525674
32551016
32659083
32659605
32676155
32679452
32707525
32717477
32739648
32750566
32798788
32835918
32865410
32916311
32919113
32927028
32931911
32949955
32961382
32987316
33017743
33062157
33119295
33129590
33143937
33148491
33180507
33199155
33199201
33199203
33200929
33214814
33214836
33276990
33285407
33303237
33314925
33335656
33340911
33356258
33360802
33422908
33440319
33440320
33481605
33488978
33516985
33561608
33601309
33636537
33667846
33683117
33730678
33740547
33740548
33784602
33831696
33873056
33876637
33901898
33930844
33942608
33964444
33971490
33992931
34020340
34046625
34055211
34080862
34098466
34153577
34154424
34212719
34213342
34216747
34218082
34237636
34274549
34323071
34413956
34428039
34450497
34479103
34533957
34547714
34583507
34624192
34672584
34676038
34699202
34749202
34779204
34780900
34795869
34807584
34808405
34813314
34864331
34894440
34906762
34954592
34962782
34971874
35051747
35059119
35148092
35191698
35228069
35276359
35286090
35305461
35305462
35339838
35364524
35390715
35447555
35450352
35450353
35450372
35452936
35467861
35468512
35489224
35504513
35536548
35551036
35561654
35584513
35609190
35635953
35635955
35685617
35696642
35779826
35816678
35834807
35859861
35863236
35872546
35878399
35878418
35880755
35899912
35939993
35987508
36037148
36049360
36054949
36055000
36068975
36111834
36126323
36179404
36182802
36200480
36228523
36257282
36288657
36324498
36332552
36335744
36346971
36370549
36385939
36395650
36449304
36455032
36503229
36542759
36586298
36621137
36640459
36645394
36706844
36709650
36745746
36749938
36781172
36801518
36827953
36876904
36889252
36940432
37011446
37037136
37054760
37094724
37126967
37156184
37178482
37196240
37197456
37197477
37216810
37252102
37291059
37302342
37312836
37329712
37335602
37343272
37379957
37428122
37465293
37467565
37494773
37499291
37531744
37531921
37544183
37572539
37586181
37598483
37606563
37651879
37651880
37672930
37676858
37683362
37683364
37708796
37712438
37731695
37736169
37736174
37751283
37766386
37819647
37856840
37856864
37857324
37859710
37864885
37870244
37874947
37885208
37922829
37948955
37976704
37984296
37984298
37990878
38000213
38008339
38033250
38048697
38051674
38056298
38056299
38101038
38107169
38116408
38146659
38147525
38164076
38199165
38230963
38295524
38320389
38350360
38352847
38359537
38364599
38375763
38377311
38377825
38389872
38389877
38389894
38432058
38452728
38460487
38477582
38479166
38484122
38488882
38498998
38505843
38552030
38563549
38564299
38564512
38577724
38583237
38586950
38587857
38613499
38626523
38628796
38628797
38636130
38648167
38661655
38669910
38690856
38746884
38746900
38754045
38770784
38784463
38870832
38913493
39007759
39032404
39038808
39041662
39119945
39140057
39143914
39149790
39151060
39159497
39163191
39163619
39353237
