18044841
18180158
18287029
18434142
18646745
18785742
19097791
19128971
19231185
19457663
19572549
19762236
19764794
19891491
20871596
21067234
21169017
21366295
21459580
21714526
21742495
21764580
21885287
22071305
22087750
22225636
22243698
22310227
22483582
22533986
22548365
22564381
22650325
22724510
22765894
22765895
22819505
22832322
22877629
22906130
22975593
23010262
23010274
23046280
23095041
23123015
23211099
23465612
23490150
23498918
23590342
23684233
23755884
23758584
23850198
23856049
23911092
24040942
24090311
24216091
24304323
24313754
24325601
24405172
24405213
24466405
24611879
24660812
24666646
24704616
24767840
24793884
24794743
24798337
24827597
24856614
24881566
24884590
24900210
24900416
24900629
24900664
24900758
24900801
24900851
24944740
25001129
25042253
25279926
25314271
25406853
25415648
25453805
25589927
25590533
25590655
25666823
25719566
25799074
25856009
25864491
25974391
25985283
25988399
25999203
26005535
26061247
26101571
26150289
26191363
26192023
26226049
26261308
26270416
26298499
26378740
26390175
26428871
26433448
26491978
26505898
26551034
26552700
26555154
26555357
26572217
26590508
26652588
26682033
26682034
26685880
26699912
26702435
26710088
26713111
26717201
26731490
26741168
26776360
26815195
26852623
26859603
26914985
26922228
26959173
26982797
26985284
26985285
26985289
26985316
27020306
27043267
27068889
27088648
27117263
27119626
27142751
27167503
27189888
27190602
27194201
27214403
27224444
27259031
27299736
27305487
27347692
27353536
27427228
27448772
27448773
27464307
27485386
27490023
27542308
27559828
27563393
27563400
27571219
27598236
27644332
27720555
27720557
27727125
27729195
27731638
27739677
27749061
27757418
27774127
27816515
27823885
27994730
28002667
28045490
28045525
28051871
28068087
28092155
28105276
28135237
28195723
28254486
28280261
28314513
28347667
28380296
28402630
28410781
28433511
28453292
28460360
28478342
28535045
28539219
28541707
28587461
28613895
28621943
28665128
28699740
28714688
28755635
28765013
28771350
28813605
28818446
28835800
28939121
28947934
28947947
29019697
29094937
29170712
29172540
29259742
29259744
29259751
29259755
29275233
29277458
29313684
29329830
29402611
29412659
29422332
29424542
29446948
29448139
29461827
29478803
29525433
29534934
29537847
29541352
29541371
29566337
29566488
29567296
29578343
29588215
29598910
29628326
29636220
29655979
29657099
29669202
29670685
29683667
29712435
29730189
29751237
29758518
29764755
29776834
29809004
29851477
29870256
29880250
29902720
29939744
29969259
30035543
30064119
30125504
30128072
30145373
30165024
30253095
30258540
30258543
30392349
30396105
30429955
30445264
30525599
30529546
30555625
30576901
30582813
30605830
30606676
30613320
30626558
30655935
30655953
30688462
30709653
30721053
30737136
30745098
30753076
30783506
30819620
30824168
30926312
30928196
30964293
30973727
30986068
30996803
30996817
30998845
31009559
31038950
31059256
31077998
31117515
31158747
31226656
31227343
31256587
31260300
31276895
31276900
31306001
31306905
31421967
31531188
31531200
31531201
31550151
31550156
31620231
31638797
31753802
31767403
31789032
31813613
31820981
31845801
31857843
31857846
31860309
31910010
31959420
32071685
32088124
32088495
32118427
32120325
32153186
32160459
32173197
32184956
32208600
32255344
32324999
32342685
32356658
32460492
32502863
32530623
32550980
32550982
32551002
32551004
32551009
32580550
32706964
32763309
32786235
32798788
32865410
32866383
32870008
32871345
32882416
32882417
32883072
32883639
32883643
32991173
33045661
33054196
33062177
33191086
33213146
33214826
33214836
33225706
33283516
33297683
33309162
33422603
33479691
33488972
33571875
33591748
33606537
33619958
33682410
33689933
33719429
33732413
33738064
33797901
33822624
33872011
33902288
33932805
34052677
34100601
34105966
34124674
34146702
34147909
34214508
34225179
34237635
34255515
34270257
34279931
34351144
34382808
34384024
34402300
34413941
34413958
34450497
34515477
34533954
34534674
34547507
34553947
34555614
34591474
34592820
34607244
34613724
34643390
34672584
34676024
34700270
34731760
34762429
34762432
34776280
34781683
34812616
34843649
34889100
34889605
34928151
34998058
34999525
35007061
35029993
35059124
35093670
35101649
35191694
35224495
35231829
35235745
35302767
35318165
35385803
35385805
35413416
35450354
35482954
35500094
35507418
35531606
35544982
35546685
35569250
35569264
35581674
35586435
35597097
35608571
35609190
35612488
35688004
35707970
35763424
35838529
35838760
35880755
35963129
35977382
35984914
36029561
36049273
36099150
36099719
36105331
36105334
36155354
36183504
36205722
36227159
36262390
36274274
36335744
36358010
36470106
36533617
36566712
36566713
36572866
36577036
36577218
36630177
36642961
36645983
36657039
36695774
36716583
36821822
36863225
36882960
36905966
36951608
37077403
37156182
37196547
37203326
37226718
37252103
37268593
37366223
37478496
37531921
37560786
37578217
37578463
37583811
37583813
37660833
37736191
37813065
37823891
37826933
37849536
37849548
37879043
37944866
37970587
37974940
37974951
38107168
38116417
38168630
38229743
38262305
38278080
38294854
38295759
38299539
38301329
38316017
38417155
38427954
38460270
38477582
38505855
38518523
38547240
38574345
38579621
38628784
38640588
38649304
38665838
38665842
38746901
38805937
39008565
39010658
39078366
39230932
39250434
39356741
