40029
73588
218012
218015
410930
430474
490541
576620
782880
926113
1280300
1313109
1315867
1315868
1317924
1323679
1333013
1346651
1346653
1354264
1360026
1375963
1433176
1433184
1433192
1433199
1447734
1447752
1479590
1495020
1501220
1507199
1507212
1527792
1542091
1560443
1573641
1578480
1578483
1588567
1635053
1635061
1648136
1652025
1654429
1662725
1681106
1684995
1714956
1732523
1732545
1738140
1812212
1833546
1849995
1851845
1851846
1875332
1875347
1895308
1895310
1920360
1956044
1969483
1977911
1992155
1995868
2002448
2002463
2002464
2016721
2061922
2145434
2147956
2153208
2153214
2153816
2153824
2167976
2170649
2170650
2231592
2231606
2258904
2296014
2296031
2299626
2299641
2308143
2329556
2391685
2416923
2525621
2535877
2535878
2542550
2547766
2549244
2549247
2552116
2565400
2567782
2666668
2704023
2738882
2738891
2738892
2769684
2783613
2824774
2832603
2846836
2870187
2879916
2882025
2892936
2909725
2909730
2909733
2913310
2965244
2985781
2989522
2993614
2995664
3009813
3012085
3016270
3033247
3039136
3079831
3172131
3172133
3275776
3336015
3336016
3346873
3351850
3351856
3361575
3373482
3373484
3470522
3498043
3512826
3543362
3549712
3550086
3572977
3656346
3656359
3712374
3712378
3746815
3746818
3783602
3806568
3950904
3973902
3981539
4009606
4045922
6094806
6259353
6279845
6284937
6298427
6330358
6546949
6547745
6699873
6754932
6779009
6834389
7086824
7097717
7108902
7241506
7252974
7473566
7473572
7473601
7490723
7490724
7490730
7523675
7562902
7562907
7562931
7562938
7562940
7608895
7608898
7629802
7629808
7636842
7636845
7636877
7650689
7658428
7658429
7658443
7658447
7673927
7693944
7693945
7699700
7699709
7707322
7739010
7752184
7752196
7783114
7799398
7799410
7807119
7830264
7830274
7837233
7837236
7837239
7861404
7902439
7907148
7909336
7910217
7912735
7932534
7932550
7932557
7932559
7932569
7932577
7932591
7966126
7966134
7966139
7966142
7966143
7966162
7990105
7990119
7996542
7996555
8021913
8021915
8021917
8021923
8021926
8021929
8021930
8027978
8027991
8035417
8035427
8057272
8057277
8057285
8057297
8064796
8101877
8120872
8126705
8158162
8164256
8164264
8176703
8176709
8201589
8201595
8201597
8201608
8246239
8246245
8254355
8254607
8258820
8277513
8308857
8308865
8308867
8340918
8340925
8355253
8360878
8360888
8387597
8388469
8388471
8390575
8393115
8394936
8410970
8410973
8410980
8410983
8411007
8496902
8496920
8510101
8515426
8515427
8515429
8523399
8544174
8568806
8568817
8568819
8568822
8568825
8568829
8576904
8576911
8627601
8627603
8627605
8627617
8632409
8632424
8632428
8642566
8648595
8648612
8667369
8676333
8676353
8691425
8691426
8691428
8691429
8691440
8691452
8691456
8709092
8709093
8709104
8709107
8709108
8709125
8709132
8709134
8759622
8759629
8784451
8784454
8831770
8831777
8831779
8863790
8863803
8863805
8863806
8863807
8893848
8917642
8917649
8941384
8941385
8941400
8960550
8978842
8978853
9003516
9016321
9016324
9016336
9046346
9057852
9057854
9057858
9083470
9083484
9089328
9135028
9171869
9171870
9171875
9171878
9171882
9191952
9191953
9191954
9207939
9207940
9207941
9258362
9276013
9276014
9288173
9301662
9301675
9341916
9357520
9357528
9371234
9379436
9379441
9379442
9379446
9379447
9379452
9397167
9397171
9397175
9397179
9406601
9435902
9438024
9457244
9464361
9464370
9479476
9484496
9484511
9526564
9544200
9544214
9548813
9554871
9599242
9622541
9622556
9632348
9632349
9632368
9632374
9651149
9651150
9651158
9651160
9651161
9667962
9667968
9667969
9703466
9719599
9719602
9767629
9767630
9767648
9767650
9784099
9784103
9784108
9784110
9784115
9804682
9804684
9822547
9836606
9836612
9836622
9836624
9857085
9857099
9871517
9871524
9871525
9871530
9871534
9871547
9871551
9871563
9871585
9871601
9871609
9871627
9871637
9871640
9871673
9871674
9871777
9873377
9873429
9873439
9873451
9873463
9873496
9873503
9873521
9873522
9873533
9873535
9873537
9873568
9873581
9873589
9873602
9873603
9873609
9873612
9873644
9873680
9873681
9873689
9873696
9873701
9873717
9873735
9873742
9925722
9925725
9925731
9934454
9934475
9934484
9934490
9986702
9986703
9986714
9986717
9986723
10021916
10021947
10052967
10052977
10052978
10052983
10072676
10072679
10072680
10072681
10072686
10082200
10091702
10091708
10098657
10197956
10197962
10197963
10201821
10201827
10201841
10201842
10201844
10212123
10212124
10212133
10229623
10229626
10230628
10322128
10328293
10328312
10340620
10346928
10354394
10360738
10377229
10377231
10386921
10397500
10397504
10406645
10406646
10411471
10411472
10411481
10411483
10425086
10425087
10425106
10447949
10450949
10450976
10450980
10464021
10465529
10465552
10465557
10476857
10476868
10476869
10476877
10476879
10479275
10479284
10479298
10479299
10498196
10498210
10498218
10509929
10514283
10514298
10522693
10522703
10543886
10543888
10543889
10576691
10579811
10579816
10579836
10579840
10579841
10579842
10579845
10585206
10585210
10602690
10602691
10602699
10602705
10602711
10612594
10617088
10633035
10633038
10633039
10636230
10636235
10636237
10636245
10669559
10669565
10669568
10669571
10669578
10673101
10673103
10691683
10691690
10691700
10698437
10698438
10698445
10714509
10715142
10715150
10715158
10715164
10737750
10741553
10743936
10743937
10743938
10743946
10753461
10753465
10753470
10753480
10757709
10762039
10762046
10780900
10782666
10782691
10794681
10794684
10794686
10794689
10821704
10821708
10821712
10841790
10843204
10843217
10843221
10843225
10843226
10853650
10853654
10853656
10853661
10866385
10866391
10866393
10882356
10882361
10888319
10888328
10888331
10890163
10891118
10893306
10893307
10893314
10893315
10915052
10937729
10956186
10956202
10956218
10966742
10969973
10969989
10969992
10999472
10999477
10999482
10999999
11012031
11020275
11020291
11020293
11052787
11052803
11055330
11055332
11055335
11055342
11055359
11063600
11063601
11078202
11086733
11087564
11087565
11087568
11101354
11123994
11123996
11133071
11133078
11133084
11140733
11140738
11150170
11150176
11170628
11170629
11170639
11170643
11170646
11206439
11206464
11206471
11206480
11212100
11212101
11212115
11212124
11229746
11229755
11229760
11229766
11229770
11229778
11262079
11262089
11266153
11266160
11266169
11266174
11266177
11266180
11266181
11294389
11297446
11297449
11297451
11297454
11300868
11311064
11354357
11354362
11354382
11356103
11356108
11378358
11384242
11392544
11405642
11405649
11405654
11412986
11425553
11425561
11448220
11448223
11448224
11454468
11454472
11454473
11459653
11459658
11459667
11459670
11462969
11462973
11462977
11495587
11514153
11514154
11514164
11520196
11520211
11527709
11543672
11543683
11543687
11585438
11585444
11585447
11591503
11591515
11591520
11597403
11597405
11597408
11597412
11606131
11677121
11689071
11689072
11689073
11689080
11689084
11689087
11708905
11708906
11708915
11708930
11714606
11728178
11728188
11738583
11741469
11741477
11741489
11754575
11754576
11755340
11755343
11755345
11755351
11755355
11755364
11755365
11806723
11809055
11814790
11814797
11814806
11814822
11831890
11831912
11844662
11844675
11855989
11859003
11859004
11882001
11906291
11909704
11909707
11931608
11958992
11958998
11959007
11960496
11965374
11983334
11985468
11985472
11992776
11992787
12014949
12014970
12036347
12036355
12036367
12036373
12036376
12039583
12061879
12067545
12067555
12067557
12086490
12109902
12109906
12109907
12109911
12113806
12113835
12113836
12113838
12127516
12139462
12161128
12161142
12161154
12161155
12161160
12166930
12166938
12166948
12166952
12182850
12182865
12182871
12182878
12190306
12190311
12190314
12213051
12213056
12213063
12213064
12213075
12217356
12217375
12238918
12238926
12238932
12238935
12270152
12270167
12270170
12270178
12270184
12361399
12361407
12372500
12372505
12372519
12372520
12372538
12383013
12392735
12392739
12392747
12408710
12408724
12408725
12419375
12419381
12419385
12419386
12419388
12419391
12431055
12431062
12443779
12443792
12459007
12467627
12467631
12467632
12477342
12477343
12477349
12477356
12477359
12482417
12482423
12482442
12498885
12502358
12519068
12540230
12540231
12540236
12565928
12565955
12565964
12565970
12565972
12565973
12570383
12570386
12570387
12593647
12593648
12593660
12593662
12617898
12617924
12620065
12620069
12620070
12620078
12639540
12639557
12639561
12639567
12639573
12639574
12643904
12643910
12643914
12643927
12643945
12646017
12657263
12657266
12657274
12657278
12657288
12668015
12668017
12672230
12672242
12672250
12699375
12699396
12699745
12699761
12723949
12723959
12729633
12729667
12729668
12747773
12747774
12747776
12747779
12747783
12747796
12749886
12749889
12749895
12749898
12781177
12781197
12781198
12798320
12798328
12801228
12801235
12801237
12801240
12801241
12824018
12824036
12824043
12825922
12825930
12825932
12825939
12825953
12852770
12852771
12873485
12873501
12873517
12877578
12930137
12930147
12941316
12941322
12941324
12941343
12951090
12951099
12951102
12951107
12951116
12951117
12951125
12951127
12954048
12954056
12954060
12954061
12954062
12954065
12954072
13678399
13678400
14505640
14505654
14505666
14505678
14505682
14505683
14552748
14552773
14584940
14584947
14584954
14584959
14611858
14613313
14613322
14613329
14623002
14640545
14643309
14643313
14643325
14643330
14643338
14667209
14684294
14684321
14684335
14684337
14684338
14684339
14695816
14695821
14698195
14698196
14698198
14711304
14711315
14736241
14736243
14736244
14736246
14736247
14736250
14736254
14741248
14741250
14741265
14741266
14741277
14741283
14761180
14761181
14761192
14761206
14971886
14971889
14980654
14980670
14980671
14980673
14980678
14980690
14980696
14998318
15006374
15006384
15006412
15012999
15013009
15013010
15013015
15026044
15026061
15026073
15027856
15027859
15027861
15027873
15027881
15050612
15050615
15050618
15050620
15055991
15055997
15056004
15080976
15080989
15080990
15080991
15080995
15081020
15081022
15084115
15084131
15084136
15109627
15109629
15109631
15109633
15109649
15109661
15109679
15115385
15115386
15115387
15115392
15115399
15115403
15115409
15125957
15125959
15125962
15125969
15139751
15139758
15139762
15139773
15149641
15149645
15149655
15149662
15149672
15149674
15149696
15163204
15163207
15177466
15189034
15203136
15203140
15203150
15203153
15203155
15203156
15203158
15214773
15214774
15214778
15225687
15225703
15225728
15239663
15261279
15261280
15267235
15267247
15293980
15293982
15293986
15293992
15317464
15324885
15324890
15324892
15324907
15341478
15341492
15341936
15341953
15341970
15357985
15357992
15357994
15369389
15369402
15380227
15454210
15454211
15454217
15456245
15456270
15481972
15481974
15481983
15482911
15482912
15482914
15482918
15482930
15482950
15482953
15501032
15501039
15501040
15501044
15509159
15509178
15537339
15537350
15537351
15537358
15546719
15546726
15566283
15566287
15568761
15582418
15582420
15582431
15582436
15588075
15603938
15603953
15615511
15615513
15615519
15615521
15615531
15615535
15615543
15633997
15634004
15634007
15634009
15658863
15658868
15658870
15664806
15664815
15664834
15664843
15664848
15664857
15664867
15686879
15686885
15686891
15686899
15686911
15686917
15686921
15686930
15686932
15689149
15689154
15689160
15689168
15713380
15713390
15713392
15713397
15713410
15715483
15715488
15734651
15743186
15743195
15743196
15743197
15745798
15745821
15745826
15771418
15771426
15771428
15771440
15771445
15771448
15771458
15771465
15771467
15780605
15801836
15801837
15808471
15808487
15828828
15828834
15828846
15857110
15857144
15857151
15887952
15887953
15887956
15908214
15911252
15911253
15911278
15911283
15916423
15925512
15943469
15943470
15950464
15953724
15963723
15974573
15974577
15974593
15974597
15982878
15982879
15982881
15990303
15993059
15993596
15993598
15999987
15999996
16002287
16033261
16033270
16033271
16033285
16038549
16078824
16078829
16078830
16087333
16098741
16107159
16134947
16137885
16140010
16143522
16153828
16153830
16153839
16162005
16169214
16169725
16190743
16190744
16190748
16190750
16190758
16190760
16190763
16190764
16203136
16213706
16213711
16213725
16216506
16219465
16220969
16220975
16220980
16230012
16250661
16257203
16257204
16260132
16263278
16263283
16263284
16271293
16274990
16275087
16279774
16279783
16279810
16289820
16289878
16290141
16290934
16302800
16309907
16335922
16361098
16364638
16366590
16366610
16376076
16384700
16384704
16392792
16392798
16392813
16392823
16408003
16412633
16412638
16413183
16413778
16420047
16439127
16442794
16451060
16451077
16451081
16455251
16458508
16458512
16464581
16469866
16480259
16480265
16480282
16487703
16516466
16516469
16524729
16529929
16529930
16539379
16539391
16540318
16570929
16574413
16580205
16584130
16610788
16611213
16621543
16621545
16632354
16640332
16640334
16643023
16650987
16678412
16686536
16698264
16709453
16722623
16722637
16722646
16722655
16723224
16725321
16730981
16730983
16730985
16730987
16737814
16750363
16750364
16753297
16762549
16765047
16766182
16789729
16789730
16789756
16792410
16793264
16797988
16809034
16814542
16821774
16821797
16821801
16824753
16824755
16824760
16839761
16854067
16854081
16876401
16884311
16884313
16908148
16913723
16919453
16919456
16919941
16919947
16931001
16931013
16934977
16942012
16950617
16950620
16971119
16971122
16987661
17010604
17027269
17034123
17034124
17062777
17064079
17067154
17088058
17107798
17110115
17118652
17123820
17125248
17125251
17126016
17126018
17127055
17127059
17129726
17145704
17149866
17149874
17154501
17154513
17154515
17168554
17175160
17178222
17181165
17188866
17188867
17188870
17189691
17194716
17213325
17220410
17228858
17228869
17230192
17234405
17234419
17236762
17254786
17266198
17266208
17270441
17289384
17292608
17293109
17293875
17296300
17300164
17300167
17305324
17307358
17315859
17328524
17329101
17350839
17368021
17375904
17379515
17381154
17383873
17389363
17391963
17400450
17411026
17412583
17418570
17418915
17419056
17428657
17428804
17428923
17446072
17448656
17448658
17448659
17448660
17452102
17459530
17461566
17466519
17469811
17482459
17489575
17498948
17498953
17499506
17502136
17507221
17513109
17517507
17517852
17521177
17531479
17531480
17535895
17535916
17544282
17546039
17548197
17553679
17560104
17562349
17562367
17568748
17571866
17573351
17574850
17579386
17583504
17583952
17587570
17588934
17591763
17595071
17600707
17616395
17616397
17618115
17620380
17629261
17632515
17637506
17672446
17676726
17681796
17685652
17689079
17692519
17696335
17705359
17720492
17722900
17725337
17761416
17761419
17764935
17765543
17768046
17803293
17804227
17804228
17822895
17826090
17845854
17869105
17870534
17870544
17884494
17889543
17890084
17892934
17900101
17904840
17910915
17918821
17918824
17931866
17933528
17933530
17942309
17948976
17950494
17958344
17960924
17964151
17964172
17967907
17973471
17976986
17980589
17981035
17982447
17983754
17985861
17988766
17994683
17998160
18006311
18006322
18020390
18020391
18023179
18023344
18023580
18024138
18029172
18029187
18032036
18032040
18032610
18036818
18038968
18052023
18060777
18061443
18061445
18067245
18068978
18068981
18068982
18075579
18077160
18077363
18078311
18078748
18081320
18082401
18083521
18083557
18083580
18092818
18160282
18162395
18164199
18164618
18176998
18178091
18178434
18180157
18180160
18181565
18182302
18187324
18193826
18210999
18220331
18232650
18234500
18240382
18240388
18242987
18242988
18243691
18249548
18255292
18255300
18257513
18267359
18276136
18282705
18289860
18291643
18294847
18308567
18313305
18316188
18318463
18329268
18329269
18348514
18359630
18362071
18378462
18403056
18406614
18407496
18411049
18417348
18419112
18420408
18424134
18438404
18442905
18442910
18445527
18457385
18459732
18461921
18468904
18468907
18472268
18479118
18479920
18485703
18487045
18490160
18494454
18507369
18511284
18512901
18513967
18524589
18524591
18533710
18534857
18537233
18539028
18543899
18553956
18553958
18563892
18571405
18571922
18573659
18578477
18578478
18591276
18595716
18595717
18599297
18603434
18605717
18624395
18637670
18637671
18640044
18644719
18656351
18656910
18665579
18674915
18678497
18680271
18680277
18682322
18690216
18690677
18698758
18701276
18707087
18707090
18714978
18722120
18722770
18723347
18729349
18752942
18752944
18752952
18755589
18771254
18778937
18789705
18800760
18800767
18805005
18809334
18811139
18818070
18826205
18829312
18851917
18922694
18926700
18929485
18952422
18952443
18977140
18980842
18983141
18998663
19010676
19014886
19017562
19019675
19026535
19035792
19036582
19046881
19053756
19053761
19053770
19053774
19053784
19064321
19071020
19075057
19081251
19081719
19081720
19095444
19095447
19097799
19102680
19108655
19115816
19117759
19119007
19119012
19124247
19133776
19135364
19143566
19147366
19167884
19168263
19171482
19171483
19188066
19191554
19196511
19199480
19199652
19199782
19200624
19200721
19201606
19217778
19230659
19230661
19236044
19237649
19239229
19239259
19243173
19246196
19250717
19250829
19256508
19261477
19269173
19271735
19278853
19282175
19286283
19290594
19297154
19297173
19307115
19309080
19320489
19327989
19328684
19328692
19329325
19329329
19331412
19331413
19332675
19346133
19349176
19354254
19354255
19356929
19359168
19359182
19362836
19374402
19375920
19388677
19394231
19403308
19405528
19406641
19410451
19430488
19443219
19456097
19459652
19464172
19464901
19470504
19483697
19492813
19499950
19522464
19525116
19528275
19534555
19540765
19553110
19553113
19560916
19569717
19572612
19572650
19580287
19581086
19588934
19592244
19592258
19596885
19604694
19605350
19606870
19616429
19616432
19616955
19620996
19631529
19631551
19632829
19635669
19646865
19646870
19647430
19653626
19654408
19664922
19665894
19674898
19679474
19692241
19700325
19716306
19719242
19720528
19722526
19726184
19734911
19739672
19739674
19748783
19754199
19754201
19786348
19788201
19791807
19800227
19800790
19800804
19817444
19819139
19827080
19833513
19836950
19837585
19842660
19845387
19852471
19863083
19879151
19879767
19897374
19900809
19901090
19902954
19914828
19928858
19932965
19939513
19942433
19950900
19950901
19954972
19954984
19959367
19962892
19963374
19963380
20005710
20018510
20022748
20025281
20028820
20034793
20036131
20036557
20036564
20041667
20041669
20042333
20043680
20045644
20045647
20045649
20047280
20047331
20055417
20055425
20061148
20088516
20095613
20099827
20121116
20128594
20128596
20137936
20141147
20146479
20146481
20148533
20151671
20153186
20153191
20167803
20170099
20170186
20176481
20180533
20188574
20192224
20192225
20194704
20202843
20218619
20218623
20218625
20219271
20219371
20227880
20299215
20345102
20346662
20347296
20350005
20350951
20353152
20355713
20356304
20363638
20369879
20378346
20382018
20382019
20385496
20405848
20408551
20409718
20411957
20427189
20438080
20441176
20443225
20443627
20452213
20452766
20456959
20462217
20463018
20465311
20466543
20466553
20469868
20471252
20471260
20478711
20481570
20483605
20483606
20483612
20493713
20503967
20510622
20541425
20541935
20547432
20547453
20547808
20560595
20561786
20561792
20565110
20566291
20568778
20580234
20584609
20605276
20608738
20609590
20610153
20614940
20620058
20637607
20638844
20638853
20646926
20650636
20655210
20655213
20656495
20660663
20660667
20662542
20666457
20666458
20681583
20684606
20690643
20705461
20709552
20709559
20718440
20724042
20727743
20727752
20800479
20801030
20801650
20812727
20813430
20813529
20813948
20836515
20850973
20860370
20888225
20888766
20889341
20925433
20931963
20932746
20937560
20943397
20943404
20947352
20949929
20952195
20965735
20980153
20980155
21030255
21036609
21044840
21062081
21067182
21071232
21071520
21075638
21084197
21093272
21106375
21106455
21109436
21115247
21126876
21130650
21133364
21146988
21159507
21172734
21193311
21194941
21194956
21195614
21207959
21208803
21216141
21229983
21232954
21235240
21235241
21247762
21251828
21257308
21271718
21273071
21277656
21280651
21295475
21295478
21300543
21306895
21315584
21316220
21316226
21316964
21324689
21348515
21349714
21349728
21353774
21354674
21354793
21366295
21376585
21377769
21381763
21381769
21388141
21396746
21398122
21412406
21413800
21413804
21417280
21417343
21420860
21421318
21429632
21429745
21429746
21438612
21440338
21450467
21453995
21458276
21470858
21481497
21481592
21482467
21486038
21495689
21506597
21514979
21542600
21548579
21557540
21561770
21568322
21574625
21592791
21594962
21596573
21601452
21602048
21608528
21620533
21621410
21627121
21639123
21641209
21643473
21658961
21664729
21669533
21675776
21675777
21686082
21700368
21723648
21723724
21723725
21724392
21728378
21737263
21741846
21752655
21765967
21782428
21782429
21786805
21802948
21807507
21807512
21815634
21823597
21824774
21831636
21851057
21852128
21859078
21865048
21867920
21872477
21875805
21880399
21880487
21889333
21899931
21916510
21919481
21920765
21944856
21962578
21996606
22000209
22011144
22014551
22014826
22024030
22030027
22039961
22056747
22061639
22071521
22075234
22078412
22079756
22082561
22088753
22094279
22100258
22104008
22136765
22142423
22148173
22148859
22153342
22153663
22172695
22189138
22189274
22197136
22197139
22197144
22204903
22209205
22211528
22230199
22236086
22237251
22239221
22249122
22257012
22260081
22260203
22266038
22284817
22297114
22306122
22313227
22313242
22316010
22316554
22318156
22318160
22339342
22339472
22341572
22364528
22365562
22365760
22369198
22370341
22380736
22381334
22386241
22391033
22425031
22444026
22444677
22445285
22450130
22460951
22469703
22475308
22475558
22483585
22483590
22486652
22490229
22494098
22503453
22512468
22512696
22515405
22533875
22537450
22542010
22546675
22548439
22554495
22572578
22574973
22575050
22575869
22578490
22579615
22582136
22595174
22606365
22607668
22608963
22650325
22651823
22658558
22695132
22708876
22726924
22727779
22734674
22738316
22739089
22749189
22749278
22750010
22765894
22770500
22771010
22784008
22793255
22793665
22795332
22822714
22831799
22845053
22850210
22853801
22862294
22866979
22897611
22913544
22921745
22924342
22924434
22924785
22926225
22928876
22931505
22932315
22939233
22940704
22959245
22959249
22975302
22975593
22984902
22992024
22998443
23006002
23021991
23025786
23025891
23036955
23043539
23043765
23067318
23079519
23088608
23092294
23098072
23098091
23102207
23102273
23106316
23121096
23123017
23131339
23131541
23142618
23167494
23176628
23176753
23182090
23199028
23199475
23214979
23217060
23220642
23232060
23234607
23246324
23265880
23265893
23270382
23270988
23273517
23281966
23301703
23305922
23312470
23344363
23350742
23352510
23360448
23363003
23374867
23379472
23379595
23380378
23395112
23402880
23411080
23414088
23432124
23442188
23448267
23451707
23458498
23465610
23466226
23466230
23474215
23484537
23489620
23507153
23516963
23517011
23517479
23521020
23540648
23541651
23541835
23558237
23560650
23562063
23566245
23586645
23591112
23602442
23610597
23614494
23618710
23623711
23631755
23641311
23644213
23647266
23647822
23656360
23659282
23659858
23660015
23662817
23664880
23675993
23679915
23707259
23707919
23721919
23731946
23734634
23735006
23746084
23756062
23767404
23786219
23787288
23795771
23796453
23796454
23807824
23808489
23816046
23830695
23830697
23855811
23859778
23865723
23867168
23875972
23880542
23886811
23891187
23902232
23902803
23916257
23927720
23953189
23954364
23973211
23978650
23992105
24035340
24040942
24044867
24047141
24050653
24063433
24070067
24074877
24077526
24088171
24090311
24090364
24094816
24095744
24102143
24102161
24119554
24124898
24128660
24128816
24131420
24139167
24139843
24140950
24144240
24147804
24147864
24156938
24157369
24164628
24183588
24189186
24200932
24216094
24228714
24231650
24262882
24269482
24274400
24279689
24291040
24304323
24325578
24331758
24332088
24332092
24365161
24365162
24374277
24388688
24388805
24388993
24432870
24446664
24454993
24466405
24472025
24486132
24495018
24502334
24508140
24512187
24513044
24517312
24527772
24527807
24531229
24548297
24556146
24559051
24601644
24611085
24613457
24641103
24684293
24685539
24690494
24704027
24729834
24731541
24735647
24738581
24745967
24751445
24754677
24755427
24767843
24779514
24780592
24786728
24800940
24811300
24818857
24821398
24831536
24856058
24858546
24863744
24871995
24878222
24878269
24900202
24900203
24900213
24900227
24900239
24900253
24900266
24900280
24900286
24900290
24900292
24900329
24900338
24900341
24900410
24900416
24900421
24900425
24900430
24900466
24900532
24900536
24900549
24900633
24900670
24900691
24900701
24900763
24900769
24900792
24900826
24900835
24900838
24900852
24901260
24904961
24911527
24913411
24916029
24922543
24930835
24931275
24936237
24944749
24949551
24960305
24969016
24974349
24980053
25011914
25019478
25036503
25036794
25066953
25116076
25121964
25126694
25127461
25133923
25147602
25147603
25162754
25178155
25190468
25203779
25210872
25218907
25249180
25255388
25262940
25281269
25284251
25288186
25288493
25313317
25313318
25313322
25313325
25314271
25316315
25343529
25349648
25357262
25368960
25369367
25384157
25396320
25406853
25415869
25422861
25435152
25437619
25438759
25440884
25452001
25453812
25454273
25462247
25466176
25466177
25478907
25489882
25497216
25516784
25516790
25530833
25559207
25569119
25576738
25583099
25587631
25589936
25589937
25592707
25593096
25599952
25610955
25611072
25614116
25627172
25633741
25633969
25636004
25642985
25644673
25699147
25699156
25703248
25703249
25706100
25716905
25721024
25723005
25759032
25780876
25791674
25799074
25822623
25822739
25826710
25827402
25838147
25844895
25856547
25879485
25881832
25898270
25901531
25915162
25941555
25950914
25965804
25971770
25974739
25978072
25978963
25981690
25992880
25993395
25993619
26004579
26005524
26043365
26045032
26048800
26061247
26071858
26077492
26087021
26099069
26101564
26105194
26125201
26125948
26155854
26164842
26191358
26191363
26191365
26191370
26196061
26203768
26203869
26214366
26227772
26227779
26230603
26230724
26238322
26248803
26258521
26270568
26271587
26280302
26288683
26299349
26301559
26316468
26317591
26322531
26348881
26355916
26356253
26356532
26372652
26383127
26390077
26396685
26396687
26407012
26411794
26421921
26422006
26430967
26465170
26466164
26469213
26483200
26509640
26509831
26519929
26522950
26562542
26568144
26572217
26632862
26632965
26656913
26706350
26707399
26709102
26718844
26725028
26725951
26727270
26731168
26735842
26739781
26741855
26744767
26748694
26753814
26756351
26764190
26764191
26781932
26786693
26789553
26795112
26796641
26799988
26804741
26810314
26818999
26820449
26824523
26824643
26824742
26852363
26876931
26878343
26878436
26898814
26914985
26925208
26951894
26974375
26982372
26982797
26985285
26985319
26990539
26996371
26996373
26996374
27002486
27006991
27010220
27017542
27020050
27020304
27032890
27043269
27061977
27072910
27096048
27128178
27133594
27133596
27167503
27190594
27219676
27219867
27234887
27240275
27266526
27280436
27309376
27309907
27318552
27318985
27321813
27322757
27326329
27326341
27331270
27362616
27364609
27367336
27377863
27379978
27391133
27394666
27409354
27413802
27450787
27484512
27491710
27494166
27504669
27508895
27527413
27543388
27559828
27563403
27564419
27567079
27569197
27607020
27607900
27614411
27624523
27658790
27665178
27690430
27692832
27692854
27717544
27721146
27726358
27739677
27739691
27749061
27766867
27774124
27804297
27818110
27823879
27839686
27840070
27894044
27933960
27939174
27959531
27994741
27994744
27996267
27997164
28002667
28004573
28043796
28051871
28082070
28089347
28103033
28107633
28161249
28165741
28196613
28206758
28231433
28244748
28249207
28252961
28280261
28283335
28284861
28291340
28319389
28320616
28328217
28337325
28363748
28368584
28372935
28388054
28404526
28410781
28435524
28441580
28454849
28463487
28478342
28479196
28482151
28482155
28493718
28505533
28523108
28533114
28535045
28586211
28591512
28594553
28605676
28606761
28608697
28626521
28626529
28626530
28629594
28629595
28668361
28671847
28675836
28692295
28705641
28731336
28738306
28739043
28740606
28740608
28759875
28771355
28776992
28780160
28780190
28792760
28797771
28807572
28817930
28826086
28829592
28835802
28837921
28850227
28851503
28882502
28886996
28888822
28920684
28939121
28947940
28949521
28951092
28951093
28977749
29032929
29035567
29050783
29087197
29111705
29111717
29125762
29138029
29150077
29152051
29155580
29169673
29172502
29207335
29211475
29223590
29244490
29268019
29273417
29284090
29291438
29291439
29294275
29300474
29313684
29320176
29326017
29400967
29402611
29407959
29407960
29407970
29407973
29422390
29437386
29438891
29456792
29456802
29457898
29470068
29477074
29477889
29541360
29541363
29541365
29547696
29549838
29555419
29578343
29620890
29631132
29631959
29641204
29656203
29656650
29678462
29681156
29702446
29712428
29730027
29746776
29764755
29767967
29767995
29775936
29776834
29784274
29795762
29805075
29851477
29852070
29858157
29880400
29883107
29883545
29889518
29890389
29894182
29902720
29909339
29934246
29937980
29937982
29939744
29940121
29953812
29969256
29990434
30010338
30015487
30034596
30034608
30035538
30037753
30041948
30064119
30067361
30075624
30085668
30086626
30119011
30122225
30125720
30133284
30143425
30148361
30183282
30199637
30217463
30243157
30253095
30258528
30258543
30266541
30268702
30282318
30289257
30295487
30347328
30351001
30359003
30380865
30395477
30404719
30409535
30429097
30429949
30429950
30448414
30451500
30460842
30470491
30472603
30525586
30540910
30543440
30562696
30565923
30597326
30605331
30606676
30611057
30611618
30639895
30639897
30640465
30655952
30665681
30676015
30682255
30694668
30703745
30707578
30735385
30742435
30743095
30768268
30789735
30792105
30807144
30817889
30824168
30835463
30840447
30851693
30856407
30860833
30878832
30890292
30891122
30891130
30891142
30905542
30928713
30929949
30939008
30939014
30964283
30996792
31023512
31035238
31046271
31074983
31082234
31095386
31104995
31128449
31129055
31158747
31158752
31181882
31185414
31188592
31207462
31244114
31253535
31266686
31268699
31283229
31310125
31312410
31324513
31330446
31351394
31365252
31391879
31398032
31408335
31419776
31445234
31447248
31461688
31469288
31477350
31487175
31490070
31509708
31519378
31531195
31531200
31531201
31537425
31547945
31549836
31550150
31550662
31557025
31564385
31584233
31586817
31610943
31620231
31622096
31624041
31657556
31658420
31670514
31727470
31727472
31734022
31735576
31738537
31747516
31757682
31789032
31790581
31820982
31830636
31831296
31841727
31860298
31862310
31891265
31895562
31895575
31913033
31922756
31926785
31930920
31931338
31935086
31938457
31952960
31980339
31991334
32019712
32049517
32061959
32070917
32071678
32083858
32091206
32096640
32107165
32142281
32150405
32159953
32163814
32184962
32184966
32184972
32208600
32208684
32209296
32223238
32227883
32233403
32245563
32247735
32249114
32298120
32302139
32321240
32324999
32329617
32330741
32339855
32352776
32353859
32388280
32389483
32410449
32420741
32428794
32435424
32442851
32453591
32482069
32492596
32527545
32539378
32550984
32563811
32571015
32603594
32631530
32631567
32652435
32659083
32668381
32673481
32673902
32679452
32688199
32691589
32691591
32693296
32697083
32698111
32706964
32717371
32736077
32738982
32781219
32786507
32787076
32787142
32787145
32798652
32798788
32828425
32828898
32832018
32866001
32866383
32870011
32871268
32871340
32871345
32877805
32898763
32914975
32920430
32930584
32930595
32976928
32977218
33017749
33031923
33035677
33035923
33062155
33062185
33069128
33069434
33081988
33094613
33111525
33120080
33121862
33132114
33143937
33148490
33158576
33166687
33189775
33213146
33214850
33226807
33228976
33243532
33257171
33261900
33264007
33267584
33275431
33276991
33279290
33289551
33309162
33310284
33314936
33328102
33333396
33341650
33346636
33356222
33356242
33356248
33372782
33381970
33395289
33412421
33422983
33423841
33428418
33434430
33439019
33454387
33460833
33470111
33471524
33479630
33479691
33479697
33493627
33493827
33497888
33522809
33528252
33538583
33539089
33549905
33550184
33555858
33556572
33576627
33581555
33603961
33616410
33636537
33666419
33682410
33682417
33705126
33705900
33719439
33721669
33724031
33730624
33738061
33738072
33753262
33764065
33773287
33775835
33783225
33784102
33787273
33822624
33831781
33839253
33848698
33848699
33852312
33861086
33872011
33892273
33894507
33894565
33895280
33898992
33902275
33945681
33965842
33970631
33974430
33992862
33992930
34000483
34000808
34003642
34022717
34030087
34032427
34042442
34043359
34044539
34046605
34046612
34048882
34060847
34096287
34107385
34110158
34118723
34118788
34129329
34138566
34142552
34143631
34147747
34157437
34175542
34225180
34232650
34236185
34236862
34251209
34254805
34255515
34264089
34270254
34274831
34286973
34288692
34291633
34303870
34309390
34311086
34313432
34338510
34342227
34342996
34352171
34375106
34384024
34400299
34413941
34413958
34413961
34415745
34419891
34425201
34428039
34428715
34463505
34467765
34472337
34509861
34515477
34516107
34519505
34520956
34530384
34531947
34533957
34536651
34536672
34547507
34553947
34570508
34581584
34591474
34591488
34597046
34601454
34607244
34624823
34648707
34648711
34655985
34656901
34676759
34695776
34699202
34700238
34705456
34710325
34710746
34714078
34726055
34726905
34731765
34735773
34735919
34743062
34752953
34783240
34795869
34795870
34795875
34807584
34818008
34821503
34825182
34838652
34839158
34839661
34839998
34875836
34902735
34905377
34915312
34928151
34971876
34989568
34995453
34995458
34998058
35014841
35028560
35033884
35035774
35051747
35059130
35063736
35080890
35084180
35093670
35101649
35114084
35119267
35119278
35119851
35124530
35133824
35148092
35152062
35157454
35167298
35171586
35178177
35182816
35188373
35188766
35191694
35195401
35219150
35224495
35227979
35229610
35235745
35239352
35248836
35276424
35300081
35305462
35306287
35306814
35312319
35324195
35344905
35348328
35367706
35367707
35395511
35420431
35430560
35436588
35450369
35453036
35468293
35489224
35512344
35550979
35551036
35569264
35581674
35584513
35586421
35597007
35598793
35608571
35635944
35635952
35635955
35640763
35671593
35675209
35688004
35694688
35696861
35704853
35709396
35714534
35717871
35729784
35759679
35763424
35763868
35777073
35780655
35786895
35786935
35793579
35802779
35820351
35838529
35858523
35859859
35863237
35867655
35872347
35899912
35930799
35939295
35939391
35948083
35988449
36030663
36044544
36063664
36063666
36064124
36074956
36075145
36083840
36088757
36089113
36092144
36096343
36108470
36111355
36117290
36126323
36150180
36150258
36154172
36155354
36169610
36173355
36179400
36191547
36202063
36202064
36205714
36228194
36262400
36270633
36274272
36274276
36283180
36306539
36322935
36324498
36325400
36332546
36332548
36332550
36335744
36346971
36358010
36378254
36378954
36385928
36395996
36410047
36435016
36441945
36446632
36475432
36475645
36484801
36490325
36516582
36518703
36537915
36538005
36542836
36543033
36549118
36549396
36549397
36562986
36586299
36587872
36599229
36622056
36624931
36634458
36640459
36645394
36655131
36669370
36692906
36695774
36716640
36723914
36731273
36736153
36745746
36757100
36758304
36760746
36780833
36781172
36796297
36802665
36804726
36812150
36821347
36821822
36826833
36857133
36870624
36883902
36893625
36916802
36917881
36919956
36920850
36923911
36923915
36924670
36932954
36940432
36948210
36951608
36952395
36966976
36989813
37002872
37014989
37029334
37037122
37037137
37037140
37054560
37058391
37077378
37077394
37078976
37094449
37094450
37098296
37120845
37120995
37122541
37127285
37133411
37134203
37141705
37145921
37156182
37161783
37161996
37163340
37163951
37178483
37182335
37182609
37186875
37191268
37209613
37210838
37224698
37234044
37244162
37247506
37253305
37262349
37262387
37302340
37307241
37307624
37321108
37336067
37360393
37360400
37364415
37366223
37377342
37382926
37393791
37402342
37413883
37413884
37423127
37427891
37428122
37436184
37450764
37459673
37462530
37465299
37465301
37465305
37465306
37482020
37487307
37506293
37517101
37523716
37535857
37535861
37536264
37552884
37562117
37578217
37578463
37583814
37584406
37585683
37598484
37603705
37607512
37610210
37646374
37647598
37650225
37651268
37651656
37657271
37657272
37669428
37683104
37690265
37702400
37721854
37722288
37731700
37736186
37748386
37770002
37773891
37856864
37857145
37859717
37859726
37866336
37902628
37910811
37922830
37925763
37939493
37944866
37951136
37974956
37974965
37981443
37995564
38008341
38020072
38036273
38036274
38039787
38043490
38051674
38052378
38059452
38085679
38086190
38092421
38095579
38097140
38101038
38107178
38113353
38116422
38116442
38117688
38117948
38128906
38134745
38134746
38156970
38165765
38171150
38179950
38180485
38181380
38185056
38185345
38190615
38197367
38199163
38199165
38199166
38229749
38283214
38283232
38289623
38295689
38295759
38308950
38321747
38330850
38340508
38340509
38349664
38355400
38360418
38382391
38387074
38389874
38389889
38393759
38401190
38401457
38408513
38432057
38484122
38490062
38498010
38505847
38516587
38525852
38564299
38580317
38595098
38597264
38599295
38604131
38621319
38621327
38626524
38653067
38665833
38665839
38669910
38691887
38695666
38711345
38749342
38754142
38784464
38805939
38817193
38852337
38876176
38894895
38917049
38946306
38954961
38955347
38960379
38988222
38996544
39002182
39026653
39038276
39051153
39053189
39102508
39105778
39119945
39133077
39140049
39140055
39145509
39149114
39149790
39150226
39161321
39185935
39221504
39420956
