8667363
16203144
22468999
24512214
26080064
26510622
26691757
27409246
27526615
27994744
28094913
28355052
28482218
29117896
29438612
29519739
29738674
30258537
30351001
31244110
31283229
31285097
31403795
31550156
31706640
31895575
31935086
31971799
32216347
32497973
32539378
32866756
32871539
32902980
32942073
33109397
33186040
33332136
33488965
33684824
33756127
33831778
34141084
34146702
34170703
34174740
34328726
34531951
34624194
34648286
34864330
34939411
35028561
35077161
35253427
35333526
35525080
35544982
35617790
35661851
35938508
36154033
36410047
36580346
36645983
36731272
36870273
37027512
37122540
37289649
37395092
37585683
37652467
37731704
37944866
37983486
38142509
38232131
38385428
38387335
38427954
38479168
38704936
38855903
38871484
38874515
38888047
38919032
39072488
39259672
