1552513
1732526
1895309
8360882
8360883
8377012
8383730
8421286
8568800
8648606
8960554
9871763
9888841
10328297
10377216
10509919
10579830
10669569
10714496
10794691
10915060
11311066
11459669
11814822
11844675
11934585
11958995
11960491
12014954
12067561
12166946
12431066
12519057
12565928
12593644
12639539
12699752
12825950
12954071
12954072
14643332
14698197
14741290
14971906
14998318
15026052
15055994
15056006
15081027
15081035
15149643
15149662
15225705
15225713
15225734
15317453
15341479
15380206
15380232
15454223
15482906
15482907
15482909
15537358
15537361
15603940
15615511
15664827
15715483
15771431
15771462
15857137
15863317
16000002
16005225
16161992
16183275
16190744
16198561
16213710
16279797
16302826
16420061
16441078
16539385
16539400
16546379
16570929
16650762
16697190
16698264
16722652
16750364
16821774
16828551
16913720
16950620
17098428
17118654
17243660
17249648
17266196
17266203
17290978
17302398
17303418
17350267
17375904
17376693
17408249
17419053
17428923
17448658
17461566
17467986
17482462
17489570
17498948
17532633
17552505
17569516
17576067
17579384
17585749
17585750
17585751
17585854
17587570
17630727
17668921
17672447
17684094
17696420
17720492
17765542
17884492
17904842
17911022
17920884
17929797
17936624
17942308
18006312
18023181
18096386
18155908
18178086
18178088
18181564
18183945
18193826
18207400
18232650
18232657
18267361
18299195
18313297
18378452
18406014
18419112
18424134
18442905
18442910
18467108
18487045
18602830
18630897
18637668
18672373
18720984
18723347
18851910
19014884
19038548
19053768
19113861
19171482
19186058
19195889
19233647
19236044
19290594
19307114
19328689
19361196
19398205
19419204
19430488
19438238
19464889
19469556
19473027
19552431
19588945
19620010
19639995
19640716
19695883
19713111
19767208
19800804
19819046
19854049
19875281
19875287
19897373
19931453
19945872
19945877
19951840
19954975
20004578
20005712
20015645
20015651
20036120
20047779
20137933
20146483
20202841
20223662
20297846
20337461
20337495
20346663
20356305
20378345
20380377
20409708
20481538
20527893
20541935
20542438
20560595
20573508
20580563
20598884
20667732
20674355
20674357
20685119
20806939
20873792
21051228
21105727
21109432
21111618
21146988
21194936
21207957
21247167
21256008
21294569
21295470
21295477
21315585
21316960
21333408
21355602
21376585
21376588
21377873
21381769
21453995
21458261
21466221
21524576
21546249
21570840
21591752
21592791
21641216
21658961
21688779
21820898
21902230
21919481
21937154
21944852
21966889
21981000
22019296
22030026
22061641
22079756
22088753
22100314
22106937
22153936
22197141
22217876
22227463
22248345
22257213
22305493
22329507
22330635
22429468
22469703
22500977
22503249
22507963
22519963
22523618
22542010
22546668
22560585
22583616
22607673
22664127
22677319
22724451
22738238
22738637
22749871
22750138
22770928
22981332
23009245
23062550
23121096
23177787
23237839
23294321
23333207
23453841
23582779
23672690
23682308
23685570
23687558
23727046
23865723
23888932
23895492
23932792
23947773
23981530
24055075
24055076
24074843
24090135
24094816
24171469
24205976
24216094
24484240
24491146
24556380
24597733
24611085
24685542
24731275
24735492
24755525
24805037
24835985
24856064
24881566
24900235
24900253
24900255
24900280
24900329
24900666
24900698
24948567
24969015
24999562
25035262
25100502
25147603
25147929
25192059
25193229
25380412
25408836
25423411
25435150
25435152
25455182
25455494
25497216
25557493
25587631
25590655
25633969
25638498
25644673
25666822
25683622
25684421
25738882
25766632
25783191
25791451
25800431
25811530
25850459
25862198
25872982
25882522
26004580
26061158
26096680
26117562
26151231
26183084
26191361
26231155
26235950
26238322
26263397
26267383
26317591
26475522
26476971
26509831
26522948
26531152
26631321
26684851
26691755
26750258
26778256
26814576
26824643
26928019
26942860
26944625
26988302
26988308
27013388
27031406
27074625
27112449
27131990
27173801
27185330
27223253
27234146
27326330
27352042
27423478
27432763
27476142
27482723
27531604
27570890
27583770
27658792
27692854
27709945
27791374
27825762
27933950
27939174
27964995
27994728
27994752
28197318
28277660
28427812
28442253
28522253
28575721
28633897
28726401
28826086
28866269
28947942
28947947
28947948
28977749
29029933
29037946
29089231
29102463
29178785
29254642
29259756
29317149
29366647
29456108
29456793
29699911
29730027
29751237
29754948
29795757
29805075
29939744
29980358
30015074
30048589
30052039
30148953
30199637
30212763
30258541
30358997
30446311
30472604
30503632
30580918
30611618
30681854
30685095
30792106
30891122
30893553
30975505
31113706
31204226
31223461
31248774
31327678
31390201
31521459
31596583
31724859
31782922
31784320
31787491
31855426
31879208
32247748
32435418
32492596
32698110
32721452
32773087
32853682
33132116
33253881
33382613
33385210
33422983
33486199
33488977
33548634
33705662
33998786
34027668
34048882
34118412
34413964
34531943
34536673
34581584
34606996
34710625
34762432
34762442
34838649
34995453
35007722
35007725
35041942
35051811
35063894
35089713
35101647
35123006
35124530
35195005
35295085
35349261
35417155
35450349
35462165
35640059
35729775
35928854
35930402
35939391
35944850
35948083
36283612
36325395
36395649
36440853
36472561
36538027
36640594
36690040
36696767
36893624
36933395
37127287
37192374
37269667
37270073
37646374
37713804
37736194
37922828
38408345
38716967
38761789
