31487
1321911
1336055
1552513
1672155
1732526
1895309
1977907
1992129
1992155
2156866
2544722
2822926
2822927
2845082
2846839
2985781
3027338
3027339
3039132
3039135
3172141
3585900
3656349
3701782
3806602
3965705
6161252
6317860
6620311
7473600
7562903
7629794
7861413
7990124
8027992
8230115
8254606
8254623
8258836
8295212
8421286
8496906
8667369
8691441
8941384
8978850
9003521
9022796
9083484
9171869
9171884
9191963
9216831
9258362
9357516
9371234
9379442
9383464
9397179
9622554
9667957
9667972
9767640
9871538
9871607
9873480
9873496
9873644
10090786
10091705
10212124
10229633
10230614
10340609
10450949
10579811
10794681
10794687
10866390
10888324
10888325
10888329
10915043
10937732
10987429
10999482
11020293
11052788
11055339
11101361
11123985
11123999
11150170
11170626
11277513
11311069
11327605
11334558
11428928
11459663
11520208
11606131
11689082
11720857
11784146
11806709
11814820
11831890
11965376
12036347
12036372
12067557
12238926
12270183
12270184
12361385
12467633
12540230
12540233
12639550
12639574
12643943
12646033
12657269
12657270
12672250
12723963
12773047
12773048
12824029
12825922
12825954
12904077
12951128
12951129
12954053
13678407
14552781
14584947
14592501
14640553
14643340
14698163
14698193
14711314
14736255
14998332
15026057
15080983
15084123
15125926
15149662
15149682
15203165
15225687
15225703
15267242
15267247
15341946
15357957
15357964
15380218
15387654
15481989
15482912
15546707
15546708
15566287
15582434
15603933
15603958
15615531
15658848
15664818
15686912
15713396
15743186
15743197
15771412
15771429
15771452
15801844
15808454
15857110
15863313
15887967
15908203
15982875
15982879
16000006
16005624
16033279
16078829
16102966
16125933
16134945
16169218
16183282
16203134
16213710
16263279
16289820
16297621
16364639
16392798
16392808
16392816
16442794
16451057
16451074
16458508
16464581
16509587
16527483
16529930
16539382
16610810
16640337
16678415
16686529
16777413
16789744
16789747
16824757
16854086
16889959
16931005
16931008
17027263
17126016
17149884
17154494
17154515
17154518
17166723
17181138
17213311
17213325
17228865
17228880
17300164
17300165
17306548
17314042
17317177
17319653
17321742
17350267
17358052
17376693
17378544
17379528
17428923
17452318
17455928
17497842
17498952
17521907
17531488
17544282
17559206
17560786
17588745
17616394
17624788
17629702
17630725
17630726
17632003
17665891
17768046
17822895
17827014
17897826
17911024
17918824
17927167
17929795
17933541
17942308
17948978
17964151
17967536
17976986
17994683
18020390
18032040
18039571
18039575
18042389
18047262
18053713
18077171
18082401
18083578
18088090
18096387
18180159
18243691
18249540
18255291
18255292
18294847
18307290
18313303
18329886
18338843
18374569
18395442
18412316
18440813
18468445
18468446
18479920
18539028
18553954
18583130
18602830
18630896
18640038
18651730
18665579
18665582
18672365
18680277
18682322
18698756
18752946
18752950
18752952
18834111
18835161
18947992
18950150
18977140
18983141
18989952
18996701
19006671
19010673
19022669
19053766
19062274
19121942
19140664
19152787
19232786
19243942
19250823
19282184
19301821
19317449
19320488
19328683
19328684
19362005
19366244
19433358
19467597
19473029
19473848
19499950
19500981
19501513
19523834
19524438
19577344
19592244
19608416
19632830
19643607
19663444
19703767
19739674
19746979
19782566
19785436
19788201
19804971
19818611
19875286
19884004
19921781
19957930
20005104
20036561
20047779
20053559
20096576
20097071
20138763
20170099
20207539
20207541
20218623
20227877
20299218
20304654
20307065
20329799
20382540
20408551
20423086
20443629
20452213
20462258
20471258
20541425
20541935
20560595
20561786
20576431
20584609
20598533
20598882
20599386
20621473
20638290
20655218
20687610
20709559
20728355
20801037
20804199
20812727
20813522
20869242
20971004
21036609
21036612
21055932
21075627
21093272
21106375
21115245
21129983
21134749
21147532
21190848
21214204
21251825
21277204
21277782
21286238
21310610
21310611
21333408
21354795
21388142
21388809
21395312
21401121
21414781
21420860
21439820
21456625
21458260
21486697
21530250
21536438
21568291
21652207
21669533
21689933
21696967
21723724
21737285
21858244
21862338
21863888
21865047
21885288
21889333
21908194
21916510
21925889
21930381
21930387
21982500
21982795
21999579
22001094
22029285
22029386
22030028
22037049
22061639
22079756
22104142
22142423
22178551
22182578
22196514
22204739
22204740
22214363
22226656
22239465
22257095
22277057
22318160
22321214
22377519
22385507
22421019
22429470
22429471
22432713
22444677
22464134
22468757
22486652
22546204
22546206
22559880
22568637
22587443
22607672
22642587
22664127
22680612
22683343
22732695
22738271
22845053
22871582
22932315
22959249
22963052
22971011
22995061
23010269
23022277
23043420
23059542
23062820
23129510
23176753
23214471
23279866
23294698
23333208
23337601
23357035
23374864
23380174
23380378
23395112
23402880
23406429
23415088
23427825
23587424
23602400
23602401
23621789
23623258
23631463
23648181
23685887
23727194
23743277
23787290
23789814
23810425
23820387
23831134
23855811
23865723
23993336
24021582
24044354
24094436
24164628
24171469
24189496
24215890
24228714
24256330
24279689
24286207
24296012
24326276
24332491
24354319
24365162
24412069
24440299
24461289
24518296
24527772
24556147
24613457
24669958
24755425
24763360
24805037
24813741
24835980
24864041
24900277
24900295
24900372
24900474
24900499
24900561
24900564
24900608
24900761
24900848
24916029
24931275
24936240
24960305
24972108
24984230
25065493
25127101
25193297
25221664
25268943
25281269
25283372
25313322
25422861
25426797
25462223
25466197
25470070
25487422
25499880
25556092
25556098
25557493
25575658
25633494
25666818
25699148
25699637
25735208
25760146
25811530
25839426
25898270
26061158
26125514
26151319
26191370
26203658
26231155
26288697
26303893
26352676
26356532
26403932
26465170
26471092
26509640
26512410
26529344
26599352
26608552
26656913
26717203
26756097
26756468
26784936
26789203
26814576
26824523
26878262
26890707
26898814
26908025
26976215
26985297
27020304
27190593
27227326
27331270
27367336
27390068
27448919
27607020
27692854
27726356
27726358
27798836
27914948
27958743
28045522
28045525
28055204
28105267
28165743
28169162
28174066
28355078
28376298
28398755
28399451
28406621
28406627
28408223
28445047
28447789
28453292
28590753
28598634
28602640
28668361
28689977
28718638
28726402
28750312
28902994
28972753
28987611
29094944
29100797
29198864
29203142
29257884
29363967
29400967
29407591
29407945
29407965
29502405
29519733
29614417
29636218
29660981
29679901
29704723
29709786
29795759
29851477
29901392
29902723
29932656
29939744
29995405
30028132
30035543
30096653
30122284
30125720
30144700
30180563
30196704
30199637
30245393
30359820
30366787
30472604
30525590
30543421
30587449
30605331
30626554
30638876
30952592
30964661
30981605
30996778
30998358
31035240
31050898
31098001
31099559
31129453
31147104
31223452
31223461
31255928
31268316
31288965
31298539
31298548
31302448
31327675
31376563
31378593
31413808
31453698
31531209
31550662
31721581
31732253
31738058
31756109
31855426
31932225
31940507
32022560
32030982
32035698
32058712
32105981
32165041
32184956
32184974
32196340
32255344
32271569
32282200
32340447
32345459
32429662
32515588
32631525
32631561
32659606
32667814
32673481
32682196
32686940
32711293
32805408
32829163
32898693
32991173
33065437
33096162
33125843
33171218
33198466
33213146
33214823
33221389
33267584
33271020
33290073
33316692
33326237
33356248
33360803
33412421
33422983
33450620
33479684
33488972
33582388
33611013
33626870
33636308
33721487
33724031
33761251
33769827
33821647
33843223
33932522
34008968
34032427
34046614
34046629
34091043
34110150
34126459
34171656
34171658
34260228
34264089
34273662
34304559
34403724
34413957
34435786
34465090
34505767
34519505
34626901
34634617
34689072
34695776
34802839
34825191
34995453
34998040
34998058
35089713
35113556
35124531
35144038
35188767
35195005
35212542
35349261
35360904
35363466
35404053
35487102
35579344
35605837
35640059
35647711
35694688
35839536
35849804
35930058
35978682
35978702
36173355
36346696
36367494
36394994
36518701
36542836
36587872
36657299
36802610
36827198
37001244
37030194
37077399
37133411
37312837
37382926
37437224
37862143
38451215
38669059
39098133
