7902440
8230134
9003514
9111301
9216828
9990463
10090785
10098655
10328300
10386932
10780912
11087576
11262081
11378364
11459656
11814812
11881993
12593657
12620078
12639541
12643934
12749895
12941318
14592495
15324884
15380208
15454229
15456242
15481975
15501065
15509159
15603960
15715477
15771467
15943473
16019211
16203139
16242653
16366598
16366605
16451066
16516473
16610802
16621553
16640345
16678414
16686543
16722621
16722622
16722630
16854069
17185414
17287122
17303421
17376430
17399990
17485504
17585753
17643112
17658776
17922005
18571420
18620864
18667312
18785742
19265439
19345581
19610618
19717215
19836232
20156689
20356655
20363128
20381361
20606069
20888766
21028894
21050768
21105712
21189339
21218783
22039836
22138308
22206487
22524677
22607122
22813531
22883026
22929232
22944117
22948716
22954387
23103095
23131339
23312947
23350733
23355637
23379595
23523388
23611771
23683834
23850199
23880359
23895492
24088053
24779514
24837157
24881567
24900421
24900588
24900655
24900886
24952376
25234128
25282263
25369270
25406853
25602637
25611347
25799264
25865130
25985195
25987372
26005534
26048803
26099539
26192023
26233798
26254279
26295173
26317331
26517152
26568289
26717201
26720154
26822566
26844689
26874741
26914985
26927423
26949183
26951753
26968253
26985301
27003761
27010810
27031670
27061987
27084677
27086121
27117427
27131064
27131066
27148793
27190596
27288180
27305384
27347360
27353531
27504669
27531604
27541271
27552707
27555284
27563402
27567078
27583770
27815117
27933947
27959531
27992216
27994750
27994756
28011205
28085281
28131714
28135089
28151659
28165739
28189906
28197315
28214631
28218845
28222316
28225269
28246041
28296398
28301155
28314514
28351594
28471656
28528303
28606761
28626524
28645831
28651915
28687205
28711350
28714692
28759875
28803045
28826086
28830032
28837922
28841513
28916341
28947936
28974338
28986130
29057059
29138024
29150398
29152045
29220788
29291935
29407977
29425443
29547272
29670703
29689475
29701475
29750408
29767973
29847930
29852069
29907471
29934245
30075623
30097369
30139575
30145050
30150104
30153009
30223123
30228001
30248654
30258534
30300845
30308411
30347326
30351934
30384042
30390439
30448188
30455146
30594677
30595446
30624926
30732943
30846253
30860373
30878832
30925062
30926315
30973731
30978562
30996770
30996786
31013427
31077998
31103904
31199148
31223438
31244113
31256587
31259550
31268699
31274316
31276399
31325783
31400705
31465686
31505451
31514018
31521459
31549836
31560543
31561044
31585275
31620219
31670517
31670954
31675512
31679978
31689114
31699612
31702922
31725285
31749909
31762274
31774679
31820982
31857835
31945665
31971798
31975579
32069402
32097841
32118427
32223194
32253226
32272481
32282207
32292556
32292564
32298114
32321856
32329342
32347726
32402933
32407089
32432477
32435418
32460492
32464061
32470302
32527540
32550994
32569926
32619886
32631551
32659605
32667798
32696648
32712537
32750679
32773087
32786396
32787093
32787102
32787110
32803196
32920142
32930584
32931277
33062175
33069072
33124806
33214827
33225706
33228976
33234343
33256400
33280384
33310545
33360560
33360797
33360799
33454462
33497209
33567378
33571830
33683135
33689933
33706147
33719426
33729781
33773393
33797247
33822623
33852302
33930844
33932805
33938746
34034149
34138567
34236862
34267881
34402300
34426525
34528437
34542267
34546748
34606270
34699215
34705450
34917254
34928144
35041943
35067062
35073486
35101648
35124530
35183871
35247755
35276425
35612311
36270088
36385926
36584238
36723914
37011035
37098275
37465294
37583813
37857466
37879043
37952262
37974956
38580317
38913493
39140054
39140065
