110934
152812
219196
410930
722719
1431940
1909177
1992118
3968685
7629790
7724556
8057276
8423602
8699190
8709109
8709110
8809154
8904845
8917638
8978843
8978844
9005255
9016322
9083477
9247853
9288168
9461651
9461655
9651160
9748353
9873569
9879510
9925737
10098656
10206557
10322126
10417407
10425142
10479289
10498211
10636249
10714507
10715163
10732980
10779411
10782677
10903938
10926521
10966741
11020282
11027132
11262093
11292354
11342132
11356112
11374978
11496832
11514139
11527706
11678667
11714317
11731301
11743738
11828463
11828475
11858756
11909718
11960487
12061878
12067551
12109908
12139467
12166932
12217351
12270176
12358520
12419361
12444671
12502331
12538898
12593649
12616631
12643924
12670229
12699381
12699382
12725862
12729570
12742021
12747781
12747790
12749891
12767917
12773033
12932120
12946343
14592481
14611854
14611855
14623005
14633714
14690411
14698178
14709046
14718923
14736236
14971907
14996743
14998322
15027867
15043425
15084132
15117937
15123280
15139750
15165148
15239652
15261268
15261269
15332844
15355974
15379553
15380203
15482920
15489168
15499999
15501035
15515092
15522303
15561838
15566289
15568770
15568781
15632123
15664864
15689153
15710600
15713402
15771423
15771442
15771455
15795226
15828829
15844965
15857120
15857135
15865431
15999990
16033281
16046120
16078825
16087332
16112862
16116659
16134940
16190759
16202582
16204883
16213138
16220970
16236496
16246558
16248836
16249185
16277992
16279780
16302809
16302824
16303309
16366596
16366609
16376077
16387495
16406782
16407096
16413182
16413783
16420042
16439123
16451065
16451071
16451085
16460932
16460939
16480261
16509578
16539401
16546384
16603356
16621549
16621574
16632353
16634628
16640335
16640336
16681368
16697194
16722663
16789735
16789740
16792418
16806920
16821772
16844380
16884303
16916797
16942027
16949284
16954316
16982190
16982192
17004711
17004721
17005826
17028182
17034137
17064072
17064913
17067170
17072304
17088494
17095214
17095233
17097290
17114002
17114291
17116397
17125255
17157508
17163639
17174378
17181163
17191286
17227710
17228860
17252943
17269758
17276980
17300186
17324932
17336064
17343373
17350258
17368668
17373554
17378546
17385848
17418233
17425297
17444623
17447747
17491006
17536795
17559203
17596944
17614291
17636914
17636950
17656086
17664030
17696333
17706325
17723305
17766111
17889527
17910427
17910428
17915848
17915852
17924613
17941623
17949010
17958343
17988876
18037290
18054228
18072727
18086528
18173230
18212108
18215016
18251493
18254726
18266314
18313804
18341255
18343126
18374572
18393489
18394906
18400337
18459730
18492610
18499462
18507366
18507367
18517260
18522386
18547811
18555562
18569333
18569345
18579385
18598016
18608754
18608767
18640037
18640842
18686942
18690678
18702480
18707891
18718763
18729351
18752952
18752960
18778048
18804036
18808096
18819808
18819811
18834108
18849972
18952425
18996017
18996018
18998662
19007108
19010686
19013822
19022670
19064321
19090779
19101474
19102654
19117416
19119014
19128966
19143528
19144449
19152636
19154150
19168351
19173562
19181521
19188063
19191557
19193158
19201197
19215141
19217192
19226143
19233643
19250825
19254846
19268600
19269068
19282189
19285861
19296651
19296678
19303782
19309082
19317447
19329328
19338333
19339187
19348494
19351152
19354253
19361991
19362850
19413326
19414258
19419876
19427223
19435665
19447614
19450983
19454370
19456099
19480458
19481947
19483697
19500993
19501510
19507862
19520086
19527031
19527033
19534556
19539481
19540111
19540766
19548782
19555125
19558346
19591488
19632115
19643512
19643608
19666228
19673490
19682910
19708767
19713115
19719141
19719239
19726182
19731956
19736020
19743866
19758809
19773173
19782562
19783448
19805567
19811924
19821572
19822431
19827834
19828449
19836230
19848434
19874136
19874137
19877692
19879766
19884015
19896847
19900814
19906467
19912058
19928849
19932528
19945874
19954223
19962793
19969464
19969466
20006931
20020755
20030512
20031420
20036131
20036445
20036559
20036565
20044254
20056546
20081815
20085328
20117005
20123154
20138514
20148564
20149498
20153651
20167479
20170098
20170190
20172716
20185305
20189401
20189693
20222765
20231099
20347295
20350805
20355714
20356739
20359225
20373302
20385875
20429779
20452776
20457528
20462762
20471838
20472439
20476840
20486938
20494585
20516071
20529682
20537544
20545486
20553118
20558073
20569083
20570509
20570524
20576575
20578976
20580561
20584613
20606062
20627471
20634081
20637634
20665773
20690686
20708306
20716488
20724038
20801663
20804197
20805028
20806907
20817362
20824690
20846863
20846868
20850970
20860527
20866075
20879713
20888086
20889498
20921316
20939763
20939767
20951039
20951473
20964318
21050756
21062005
21067437
21105730
21106380
21111404
21116447
21128614
21142106
21163661
21163664
21167722
21168764
21175212
21194957
21226489
21251827
21251841
21256013
21256748
21269836
21295890
21299227
21316975
21324566
21324702
21330015
21341673
21345673
21353569
21367494
21371789
21377874
21377877
21377879
21392987
21396746
21405023
21406034
21410186
21411319
21411323
21411327
21419531
21420869
21429747
21435872
21438710
21452831
21459576
21476495
21478015
21480626
21481795
21493065
21497959
21504850
21506278
21514152
21530277
21534527
21542630
21546253
21548579
21550809
21561780
21570853
21595493
21600680
21612232
21612376
21619045
21620698
21621881
21650226
21665482
21665485
21669525
21669529
21676616
21684753
21696158
21696952
21696953
21699374
21708416
21714536
21724305
21726077
21728378
21732671
21733699
21739938
21740101
21740105
21741133
21741848
21752639
21757348
21770859
21774747
21782455
21788136
21802307
21807511
21815772
21821421
21824775
21831637
21846203
21851212
21855358
21856161
21859103
21862335
21870805
21872367
21880486
21880490
21899328
21923104
21925773
21939219
21944852
21962577
21962988
21970471
21974950
21983437
21984958
21985426
21995444
21999604
22001085
22007676
22019466
22036211
22041058
22041175
22044245
22044620
22047696
22050606
22051063
22055408
22061826
22075233
22082562
22083916
22085405
22104147
22104435
22112538
22112539
22112542
22115595
22133902
22136469
22141460
22145674
22165973
22168126
22168802
22169263
22185619
22188522
22196621
22197396
22206607
22214209
22217870
22233540
22245047
22245049
22249123
22261024
22285569
22290077
22292590
22297114
22299575
22299576
22299577
22299578
22299579
22299583
22299585
22299586
22299588
22301213
22304006
22309188
22316553
22318165
22326396
22329561
22329646
22341944
22365562
22380772
22380779
22386242
22390627
22401672
22406152
22435599
22436387
22436396
22444684
22445674
22450131
22458611
22459212
22464133
22468746
22483591
22486710
22494098
22507960
22512907
22537178
22541393
22542010
22542107
22545941
22546204
22579419
22583618
22593037
22595175
22607152
22607877
22608920
22621375
22626654
22630073
22647881
22652254
22662288
22677314
22686657
22690646
22696418
22704236
22705189
22725979
22726686
22726924
22727780
22738293
22738356
22770607
22775345
22789707
22793255
22796349
22844551
22863525
22863527
22863529
22864521
22868229
22873824
22877157
22877245
22881866
22883027
22884991
22891675
22894131
22897589
22897946
22901670
22905906
22916727
22921080
22921743
22924734
22940448
22946585
22951255
22957721
22957724
22960696
22974493
22975593
22994608
22994801
23009604
23009660
23010270
23010271
23040896
23043291
23043764
23050738
23059546
23067552
23075414
23084898
23098609
23117173
23121721
23122864
23122865
23123016
23124219
23134227
23141910
23142612
23145909
23173744
23177727
23199481
23211968
23218602
23220644
23220646
23230954
23237384
23265878
23266177
23276447
23286284
23305444
23311862
23312612
23317572
23326631
23330908
23337599
23353746
23362938
23363292
23375225
23380376
23387824
23391138
23391306
23391589
23398199
23398373
23411395
23416003
23428964
23432095
23434636
23437843
23451707
23453219
23453840
23454532
23455027
23461881
23466229
23466232
23471898
23472952
23488741
23490159
23499237
23499238
23507151
23510562
23521768
23528297
23528299
23528300
23531458
23540737
23547652
23566759
23570514
23570542
23574308
23581708
23581745
23582275
23590342
23601706
23603045
23610597
23623490
23631755
23639652
23644213
23656488
23661699
23663081
23665106
23668988
23683589
23683835
23688339
23713581
23725560
23737523
23743286
23746472
23746477
23747224
23750455
23772309
23796453
23808805
23810424
23811091
23815100
23819803
23831808
23845281
23848232
23850568
23851116
23859780
23860593
23867388
23867390
23871912
23879381
23886684
23891165
23895532
23895568
23914927
23916149
23920484
23944843
23977883
23988122
24012179
24012712
24026016
24044354
24044937
24055006
24074844
24077526
24079662
24083656
24083941
24088190
24090423
24090912
24099220
24102612
24144283
24148993
24158012
24158442
24175584
24183741
24211633
24224573
24224843
24231308
24237195
24247003
24269986
24275248
24280068
24304387
24304424
24308675
24321832
24331756
24332492
24332496
24341381
24354345
24359706
24387105
24393039
24405333
24406103
24411198
24412339
24418773
24428639
24444054
24461297
24471650
24495281
24508129
24508141
24520856
24521039
24531199
24531230
24556143
24559768
24582477
24588269
24588963
24593120
24602903
24606395
24607578
24610996
24617858
24629449
24630558
24630695
24636345
24642566
24657567
24661847
24666186
24680058
24681391
24684213
24684845
24686016
24702857
24707965
24721313
24745964
24751157
24751440
24751446
24751552
24755524
24763261
24779514
24783948
24793885
24803362
24813737
24816066
24835199
24835983
24844756
24856184
24880489
24881566
24890653
24900243
24900264
24900268
24900281
24900284
24900335
24900357
24900417
24900442
24900604
24900625
24900646
24900796
24906513
24922587
24924423
24929289
24938495
24938644
24939758
24948564
24953600
24953948
24972724
24972725
24973028
24992072
25003231
25016233
25036796
25060641
25062009
25064350
25086681
25108359
25113879
25116076
25122198
25147601
25152999
25179681
25182962
25203462
25203780
25216392
25218909
25218910
25222504
25245672
25264584
25268544
25268757
25282650
25282654
25288494
25290020
25295392
25300819
25305010
25311563
25313318
25352216
25368984
25372368
25375908
25380506
25405503
25406853
25408834
25408837
25415134
25418070
25427005
25432018
25432060
25438755
25438766
25453807
25453820
25459661
25461326
25461330
25461892
25462230
25462236
25497963
25505942
25523211
25528720
25558988
25559742
25600405
25602762
25626527
25634381
25636004
25650311
25661448
25661449
25695864
25703297
25703307
25743213
25757092
25759031
25764119
25768707
25781377
25782055
25785605
25794791
25811913
25815158
25817770
25828863
25839438
25841198
25844917
25863492
25865133
25874340
25882520
25890697
25891102
25894011
25907364
25907367
25912673
25916324
25920005
25921264
25922179
25922884
25935644
25938987
25955493
25956953
25970480
25982416
25993619
25996453
26001340
26005523
26005539
26022844
26068018
26073618
26079043
26083682
26088338
26100440
26100442
26101570
26107513
26117648
26117820
26119990
26122211
26122772
26162519
26191366
26196061
26200936
26204890
26227780
26230724
26237241
26267483
26275679
26286528
26287401
26317331
26322531
26337020
26342135
26343826
26358162
26361824
26362113
26363870
26371436
26372650
26372652
26386819
26393374
26395057
26432614
26451651
26455657
26456735
26469301
26471089
26479031
26481657
26496515
26508545
26509551
26518975
26520885
26526743
26534780
26539626
26551065
26561742
26564266
26575094
26584396
26617968
26629859
26637946
26642377
26642829
26670841
26690913
26701186
26704263
26704266
26706112
26708111
26710088
26711144
26722818
26753816
26754613
26771129
26773755
26774579
26786496
26818694
26824128
26824643
26827140
26852340
26854376
26855413
26873069
26874344
26879855
26899595
26908025
26914744
26927488
26947607
26950392
26960032
26964016
26972919
26974383
26974384
26994638
26999509
27020050
27038849
27039251
27060762
27061673
27066215
27068142
27073050
27075367
27100031
27112448
27117424
27123900
27127993
27130358
27133595
27139780
27140653
27140727
27142786
27156775
27162124
27163581
27185329
27213719
27231830
27250740
27267006
27269198
27280436
27280693
27288183
27305312
27312423
27318118
27325447
27325448
27336796
27338659
27343850
27353889
27359042
27376460
27377327
27388635
27394666
27411733
27414468
27439469
27445170
27452283
27454618
27454619
27455395
27458733
27474803
27475108
27476420
27477687
27480027
27486833
27507110
27509358
27517809
27524297
27524377
27526040
27527415
27544072
27563402
27572707
27578245
27588426
27589035
27591008
27597418
27612545
27614410
27616456
27647374
27658001
27666634
27669118
27676368
27687971
27689725
27690432
27692510
27692545
27692996
27726366
27739691
27749053
27750057
27750152
27754592
27766867
27769036
27769672
27774123
27780618
27783975
27783978
27789075
27810241
27816890
27839787
27842798
27842892
27863021
27866910
27884694
27886545
27886546
27890381
27907877
27908539
27916468
27923497
27936444
27943581
27976897
27983846
27992221
27994758
28002965
28043716
28043719
28057325
28065500
28069264
28075591
28080034
28082069
28085275
28087168
28105275
28109786
28109788
28111140
28117203
28118956
28128559
28131711
28135088
28135089
28139246
28139931
28140583
28143657
28146629
28160943
28160945
28169168
28169518
28171725
28177228
28189419
28202316
28219011
28240897
28242552
28244987
28258797
28259376
28259841
28277663
28279560
28284804
28284809
28286211
28288318
28302506
28318895
28324785
28334643
28336409
28341402
28345882
28346871
28347665
28371641
28372909
28389151
28390993
28392277
28398755
28404526
28406289
28406643
28412204
28414242
28416102
28431353
28438542
28445065
28445786
28454670
28454848
28456030
28457693
28458135
28471656
28477572
28478180
28499168
28505447
28511130
28511908
28521172
28526368
28545814
28552337
28554871
28569147
28576634
28578994
28579122
28601509
28610983
28614759
28655421
28668193
28669445
28669741
28675836
28686912
28687203
28693909
28700245
28704759
28705641
28710965
28749670
28751142
28756012
28759875
28760313
28772235
28780160
28789912
28800459
28802120
28802633
28811133
28812892
28813147
28835797
28841513
28841514
28844389
28850227
28858494
28863358
28865280
28876933
28880552
28882483
28886996
28893470
28916158
28918097
28926763
28951079
28958622
28976752
28977749
28986116
28987611
29032030
29032032
29032033
29032034
29046238
29049886
29055870
29072911
29074258
29074349
29077405
29100798
29107420
29108753
29110985
29111368
29112434
29116812
29126728
29157862
29174347
29198609
29207340
29220788
29223098
29227656
29232586
29243920
29247859
29274493
29275228
29275231
29288945
29289880
29289885
29289887
29295795
29300477
29306546
29309142
29316526
29335210
29336874
29345930
29366646
29407959
29407960
29407989
29421573
29453094
29454190
29459207
29472126
29477073
29477075
29477889
29482943
29501396
29501415
29530347
29541366
29541372
29547272
29567345
29567458
29576270
29605809
29609120
29630364
29634260
29634898
29641206
29650289
29673715
29684895
29705708
29706422
29712428
29746130
29751237
29763564
29775297
29778894
29792702
29799746
29808677
29812929
29852328
29853339
29878759
29883536
29884581
29886325
29887354
29920453
29925480
29983285
29999316
30011202
30017112
30061030
30067363
30082069
30099253
30104121
30107365
30153005
30192536
30199703
30199704
30207720
30216851
30221940
30258542
30261468
30265958
30282319
30292896
30296687
30300845
30340896
30342956
30344909
30344915
30347330
30366253
30366255
30383374
30384606
30389289
30389408
30389409
30446314
30448416
30457860
30469039
30469041
30470492
30472600
30482621
30501963
30522056
30525584
30530194
30551903
30583247
30585173
30590258
30600148
30611982
30613332
30613336
30615444
30615449
30630716
30638966
30655960
30684797
30686752
30688452
30701972
30703745
30704811
30707839
30711829
30728107
30737132
30739823
30744931
30771604
30784885
30792103
30794407
30818176
30827867
30830783
30836001
30846404
30858026
30871862
30878832
30884327
30885567
30888159
30910462
30921693
30927565
30928709
30939017
30943030
30959323
30964283
30978561
30995567
31000406
31002508
31017416
31027708
31035236
31047750
31059248
31082763
31084949
31088715
31095389
31103902
31112894
31158742
31158750
31160176
31185168
31185410
31195171
31196753
31202126
31221555
31221611
31223449
31228811
31244113
31255497
31264862
31272835
31276900
31300317
31301567
31311700
31330449
31331653
31345747
31345748
31351393
31352246
31365251
31369933
31376568
31382118
31393718
31400707
31401008
31408339
31413811
31415980
31417666
31420268
31431359
31442685
31445230
31447082
31492533
31514018
31525930
31532203
31541870
31549836
31557608
31557611
31563807
31589047
31589992
31609115
31609608
31610372
31610377
31617715
31618031
31618032
31620227
31625738
31626547
31629163
31640885
31658413
31658420
31668972
31679971
31685330
31706668
31711793
31714773
31725297
31740050
31740054
31767137
31816557
31820975
31833761
31835168
31841728
31855419
31859159
31860298
31860303
31879183
31879206
31880942
31898904
31926469
31927314
31932224
31944695
31965799
31967465
31990540
31999923
32007388
32014678
32018096
32030976
32061959
32088128
32098709
32105979
32120325
32145644
32150407
32182061
32209296
32212728
32212732
32222663
32224379
32240584
32255628
32273218
32292544
32292546
32294614
32298122
32299660
32327352
32347726
32388113
32435378
32456431
32459966
32460492
32485532
32485533
32496056
32497973
32539387
32551649
32608981
32614585
32631548
32631568
32631572
32652407
32658475
32668381
32676158
32679452
32688201
32690268
32707525
32711108
32738350
32738411
32763808
32773090
32786396
32786507
32787087
32787103
32795767
32805408
32818869
32820629
32828425
32870008
32871341
32871344
32883636
32883641
32894018
32920426
32920430
32942073
32942081
32992249
33002682
33007554
33017535
33026807
33032085
33035923
33058670
33062178
33062182
33077264
33120080
33121862
33129590
33129592
33130290
33143937
33160760
33183866
33187806
33190957
33206510
33215494
33234343
33239261
33246256
33253573
33303239
33307675
33314925
33328099
33341650
33399453
33422981
33454546
33454547
33479627
33479649
33479657
33479688
33488961
33529017
33582386
33588177
33603957
33603966
33603969
33609656
33619958
33640672
33662206
33710891
33711442
33721669
33738048
33741464
33744686
33764059
33773287
33773393
33831780
33835811
33838610
33862516
33892270
33894490
33940464
33945281
33965861
33973788
33979163
34006103
34029774
34041485
34043358
34044534
34081460
34095847
34107215
34110158
34116327
34141055
34141087
34142551
34156850
34186233
34213340
34246920
34246921
34267881
34269579
34274549
34279099
34328319
34338527
34340042
34347470
34355184
34365131
34403955
34418785
34450493
34450497
34458740
34460246
34472337
34479036
34488023
34494428
34500187
34507163
34520958
34547896
34563877
34569791
34624823
34626877
34626878
34688012
34710624
34726055
34735153
34742016
34795852
34808405
34825186
34826681
34854662
34875836
34902246
34902735
34922191
34928151
34929581
34931516
34992040
35028560
35041998
35051747
35059120
35063733
35063734
35073698
35077850
35131538
35151222
35152062
35158154
35175749
35178168
35178185
35189560
35219949
35220720
35255314
35276424
35279609
35300078
35358772
35377638
35428013
35434628
35447434
35485642
35569264
35569687
35580424
35586439
35604326
35635955
35635956
35640078
35640100
35647547
35675511
35675756
35685617
35694689
35749841
35796517
35820623
35858522
35858523
35868126
35901638
35919337
35925768
35933838
35938398
35944385
35948062
35959635
35961461
35981459
36001934
36030663
36037788
36063653
36116233
36126323
36150342
36155355
36162214
36197449
36215859
36216030
36244233
36262385
36270088
36272185
36325396
36327696
36335509
36399709
36435016
36455357
36455508
36459759
36462436
36463726
36518699
36518700
36543033
36563792
36584630
36603505
36642961
36680985
36689894
36706244
36731248
36749220
36762554
36796297
36822300
36846370
36846375
36863225
36880726
36893627
36934484
36940610
36952395
36989813
37001055
37037122
37054758
37060754
37115705
37122544
37127285
37145846
37148849
37178666
37252106
37295161
37320992
37348296
37360390
37360393
37393789
37399712
37421890
37428858
37437348
37450324
37465297
37478556
37482020
37487307
37515920
37527664
37552553
37563016
37578463
37582241
37583831
37585683
37591315
37611534
37698518
37706660
37708798
37731689
37736183
37738100
37748386
37797307
37801824
37847948
37856864
37862815
37866714
37870434
37874947
37875020
37875056
37908076
37910439
37966047
37974965
37984299
38013449
38043489
38051546
38070352
38071795
38096651
38107170
38107183
38109811
38116423
38150963
38151459
38164929
38197367
38219658
38219659
38252624
38262119
38283216
38290351
38359537
38375763
38387074
38389895
38436571
38466654
38477575
38477709
38490063
38516587
38651218
38651522
38653067
38656144
38663283
38687956
38691887
38722799
38728549
38748913
38762915
38776379
38784454
38801798
38818879
38823727
38830427
38843586
38852337
38875808
38878516
38878517
38889244
38889608
38896992
38911152
38911158
38911168
38911171
38911173
38913497
38943875
38958057
39002182
39013358
39015262
39018924
39026652
39108024
39136241
39145509
39276584
39291031
39357030
