1347319
3820229
8383730
9301658
9397166
10328287
10397507
10406640
12372512
12639561
12639562
12672235
12723943
12723954
12747796
12852750
14667236
14684344
15050644
15080982
15115404
15239663
15380232
15482915
15588075
15603955
15603957
15615543
15664844
15686942
15686946
15713394
15715459
15780630
15878274
15935664
15936190
15999987
16054361
16085414
16203136
16216508
16219465
16236499
16302795
16361098
16380255
16392816
16439120
16442284
16458003
16480258
16480274
16481165
16503138
16524729
16563760
16570908
16610801
16690312
16690315
16722631
16753297
16757170
16759108
16762550
16789729
16793267
16806913
16814542
16821771
16821776
16821801
16837196
16839764
16870426
16870431
16872827
16876404
16879964
16887348
16913699
16931010
16942015
16942874
16942878
17010606
17011188
17034117
17035033
17064071
17064075
17064894
17064898
17070046
17074493
17079141
17079144
17092715
17125262
17149874
17150365
17154517
17178222
17181167
17189686
17189691
17196387
17197181
17210250
17228869
17236777
17251019
17257838
17266208
17267215
17267219
17276684
17311911
17315987
17348638
17350840
17352465
17375905
17379528
17395460
17395464
17405877
17418570
17425296
17428657
17439112
17446072
17470817
17483457
17489570
17499505
17499989
17506538
17524641
17532216
17536794
17585748
17588748
17590335
17604168
17626010
17655213
17668922
17676725
17693551
17723296
17724025
17764937
17804230
17822897
17827002
17867665
17869100
17869104
17880055
17887661
17892935
17929793
17929796
17931863
17933531
17942309
17962189
17973362
17977724
17981464
18061443
18078760
18160281
18163592
18173231
18193825
18226531
18242988
18248991
18249540
18262683
18272365
18272366
18282707
18289849
18289851
18291645
18295486
18304814
18308567
18316188
18329267
18329269
18331794
18337097
18359227
18374568
18378446
18378447
18395443
18400496
18407496
18419112
18420409
18436444
18438986
18442912
18448342
18501613
18528996
18537233
18540666
18540667
18557608
18571922
18573659
18578474
18578478
18585035
18595693
18595695
18605718
18625556
18651727
18662879
18680280
18682323
18722118
18722778
18752949
18752953
18754612
18768319
18774291
18788723
18793857
18798607
18799310
18800760
18806782
18809327
18811139
18812259
18815029
18817364
18817368
18818070
18818072
18819794
18819799
18824351
18826295
18845436
18849166
18849168
18926700
18951790
18954038
18954983
18980843
18986805
18989912
18993064
18998663
19004630
19006669
19007110
19014886
19027295
19036582
19056148
19072656
19081251
19095447
19101153
19113864
19114307
19128969
19131247
19146417
19147349
19171482
19181519
19185489
19191554
19199480
19199652
19203270
19208472
19231178
19231180
19232492
19233648
19243945
19243956
19260734
19261477
19269173
19275964
19282171
19284718
19285862
19286377
19290594
19297154
19301898
19317397
19317446
19323482
19328692
19332369
19339181
19341281
19346127
19361985
19375913
19388676
19394220
19394229
19394821
19397270
19398199
19410451
19410464
19413310
19414260
19419141
19428251
19443216
19459652
19487124
19497745
19500979
19500981
19500982
19515567
19552432
19553111
19553115
19574055
19581086
19588945
19615899
19616429
19616944
19630384
19632834
19632840
19640719
19646865
19648007
19648014
19660947
19663387
19674894
19683441
19692241
19692242
19694468
19700321
19716297
19731961
19733067
19773162
19775168
19783143
19783443
19785436
19786348
19804969
19815411
19821575
19831392
19835382
19854053
19888755
19891474
19914063
19919106
19921781
19926282
19949058
19954248
20004096
20005096
20005101
20022752
20043678
20043680
20045321
20056548
20064714
20096591
20117000
20144866
20156687
20158186
20170186
20188547
20188554
20192270
20196613
20205394
20207138
20207139
20207539
20218619
20218621
20227876
20227880
20304642
20307063
20346664
20346682
20347297
20356305
20382018
20382529
20382537
20394379
20400309
20402514
20408529
20409708
20426423
20427184
20443228
20455563
20457519
20457527
20465311
20471258
20471831
20472430
20483599
20483611
20491477
20503967
20510609
20542694
20561786
20565075
20570515
20570528
20580233
20590088
20591663
20610153
20615693
20615696
20621730
20630754
20659804
20684563
20684595
20684606
20692832
20692833
20708930
20709545
20709550
20709552
20719509
20795648
20801651
20804199
20806939
20813948
20832306
20833043
20843687
20851601
20855211
20873775
20888240
20889341
20926294
20931971
20932750
20933413
20934333
20942472
20943396
20947352
20951033
20961756
20965738
20971003
20971642
20979364
21051228
21055936
21067182
21067920
21074426
21074994
21126874
21128593
21146986
21185183
21185721
21188966
21190859
21195614
21207957
21232953
21257308
21269825
21269827
21273063
21295468
21295475
21295478
21300721
21316222
21316226
21319751
21320776
21324691
21333408
21333534
21334205
21356569
21366332
21381763
21397497
21401113
21402443
21420863
21435873
21443219
21444206
21447641
21466220
21486038
21486695
21507640
21507642
21514150
21514824
21515049
21524576
21531137
21536435
21539377
21570283
21570840
21571530
21605975
21615150
21624711
21634377
21634396
21641215
21650221
21664131
21669528
21676612
21688779
21699169
21707078
21723725
21739935
21741835
21741838
21742496
21752640
21757343
21764306
21764307
21775140
21782427
21782428
21831639
21843937
21859094
21875808
21880399
21885275
21905680
21908190
21917455
21919481
21920761
21923187
21924608
21955244
21955939
21958540
21962108
21962147
21966980
21974957
21978284
21978678
21986237
22014558
22019046
22030032
22044119
22047689
22094028
22098494
22101133
22104144
22111545
22123324
22148391
22148754
22153347
22172695
22175766
22178551
22185670
22191686
22197136
22197144
22209205
22222037
22226656
22239250
22242551
22257889
22263872
22264481
22264487
22266038
22281189
22284817
22290075
22306122
22318156
22325948
22330635
22335555
22342626
22370265
22370269
22386665
22394077
22409629
22410083
22421018
22424974
22428944
22448770
22455383
22460029
22464131
22465635
22465637
22468936
22490067
22497763
22503248
22503453
22524250
22564207
22578490
22579422
22591063
22607672
22607673
22607682
22608963
22617490
22617492
22626552
22633692
22664127
22694270
22708838
22724451
22726929
22742586
22761000
22770500
22778800
22779702
22784008
22793372
22793665
22832311
22832315
22868228
22894757
22909088
22910039
22924734
22938049
22939234
22939696
22954736
22957803
22963764
22974355
22975301
22981330
22985961
22995619
23018093
23025891
23031591
23031594
23043539
23046966
23061376
23075267
23079522
23083093
23084278
23089526
23092360
23098566
23099092
23121096
23126648
23127888
23140383
23142617
23145816
23157587
23177783
23189922
23200256
23227781
23228808
23232060
23256554
23260347
23287738
23294161
23317571
23320429
23324405
23352509
23357634
23374867
23374868
23380375
23385213
23394205
23395659
23414837
23414838
23434029
23434414
23453841
23473309
23474898
23510563
23560650
23561269
23566299
23566517
23602525
23606928
23614571
23627311
23632270
23639535
23651412
23675965
23675993
23683593
23685178
23685943
23688558
23688699
23692871
23692872
23711770
23711922
23718281
23719231
23721423
23743277
23755849
23770058
23787290
23816371
23850200
23855889
23856046
23876987
23886683
23886687
23891187
23909910
23910595
23916258
23919824
23927599
23964859
23968823
24035514
24050755
24063433
24070783
24071446
24072709
24075732
24080460
24090443
24098954
24099149
24125884
24125886
24128813
24131202
24139584
24148992
24161834
24164581
24164628
24187998
24194515
24200193
24205976
24215892
24220170
24224729
24224763
24237039
24246730
24304219
24392688
24393810
24410637
24412109
24428686
24440379
24447850
24462176
24512267
24513044
24513046
24520947
24521299
24529871
24564525
24592859
24601592
24613378
24630562
24630693
24649848
24666203
24670009
24678947
24704030
24767843
24786585
24793360
24805037
24809953
24814197
24824064
24824658
24852118
24856674
24871036
24878222
24881566
24884675
24900202
24900210
24900213
24900227
24900239
24900248
24900267
24900280
24900286
24900287
24900329
24900364
24900374
24900457
24900480
24900506
24900529
24900533
24900534
24900546
24900562
24900569
24900608
24900634
24900656
24900661
24900684
24900712
24900753
24900783
24900838
24900840
24900861
24900889
24905252
24918545
24931384
24936234
24936240
24937104
24941437
24948568
24974340
24997685
25011915
25022972
25026046
25036503
25050159
25050161
25050162
25050166
25050172
25050174
25060923
25087049
25087753
25100568
25113934
25127154
25147147
25149506
25155385
25155913
25157640
25162172
25164763
25176194
25179681
25193232
25208139
25221656
25232969
25241924
25248679
25259874
25286150
25288187
25288495
25313449
25343529
25369270
25393758
25408829
25420090
25423286
25435147
25455483
25464883
25466191
25488844
25499438
25516790
25516791
25549897
25557493
25577040
25589927
25589932
25594740
25597011
25613676
25625541
25633741
25633969
25655723
25658507
25658964
25659771
25686153
25689430
25690784
25699143
25728416
25738882
25746816
25765911
25781223
25790278
25790336
25797163
25815144
25815155
25827398
25827402
25838147
25850459
25881832
25893043
25893046
25899336
25906200
25927480
25937016
25953512
25974655
25978963
25981685
25990761
25992974
26005518
26005524
26005540
26022839
26045032
26048791
26077492
26087938
26096679
26099534
26100441
26101568
26105194
26125327
26141771
26142947
26152426
26164842
26169764
26171651
26181715
26191354
26191355
26191360
26200936
26216015
26225816
26231163
26233800
26234904
26286844
26288216
26296911
26313252
26313429
26317591
26320624
26322748
26358159
26363507
26384287
26386604
26396679
26396690
26410663
26420383
26428869
26460788
26474664
26475518
26482570
26483200
26502160
26505898
26525866
26535614
26546213
26547056
26588045
26631313
26631441
26653877
26700945
26704965
26706173
26706350
26707399
26709102
26713098
26713112
26725028
26736071
26739776
26741166
26741855
26747393
26771709
26774923
26791864
26810316
26819673
26827137
26847872
26850005
26852005
26854379
26862980
26890998
26900761
26923695
26924461
26942860
26945112
26951894
26965854
26985314
26985315
26985317
26985319
26985321
26987013
26988301
26994846
26999509
27003636
27015369
27017115
27017549
27020683
27038498
27054485
27064517
27077528
27078757
27080178
27096039
27105029
27112449
27117428
27127993
27128689
27159637
27173799
27240550
27256912
27256913
27259031
27275946
27297999
27309907
27326323
27346364
27369451
27381086
27397499
27413802
27426299
27426300
27426304
27427902
27437071
27437080
27437828
27441383
27441737
27487565
27496211
27499455
27517811
27531604
27546834
27548392
27559615
27563401
27564135
27564532
27570890
27579577
27583770
27589480
27591007
27595421
27598234
27606885
27608177
27614407
27631715
27637151
27641472
27647366
27690427
27692854
27726356
27726358
27739679
27748596
27749053
27749056
27765511
27766865
27774122
27774123
27776274
27789138
27798827
27810599
27818110
27825762
27836401
27839686
27855359
27856084
27856238
27866818
27908761
27914948
27933810
27933950
27933953
27933954
27958732
27964995
27966945
27993517
27994738
27994742
27994747
27994760
27997172
28001399
28002967
28005385
28057420
28072531
28076825
28089699
28099811
28105264
28105289
28109949
28111141
28112924
28131713
28135068
28143690
28148462
28156111
28169167
28177632
28216403
28216404
28222314
28225274
28230981
28230986
28234467
28279849
28284871
28287723
28288109
28314510
28324649
28337315
28337316
28337332
28374589
28385503
28385504
28389149
28395140
28408223
28408226
28414242
28418242
28418664
28430437
28431879
28438540
28459575
28465103
28481112
28489379
28493698
28493701
28505537
28505538
28523106
28523109
28530802
28532668
28539220
28541695
28541707
28545974
28548497
28571973
28575722
28576617
28586221
28598634
28603989
28606760
28608697
28613871
28626530
28626532
28629594
28635286
28642104
28657315
28657744
28671458
28682065
28684121
28686445
28689096
28720324
28726401
28729057
28745507
28753313
28759875
28774576
28792219
28797771
28802123
28817277
28818461
28818462
28824747
28838693
28838698
28844141
28858765
28876062
28880552
28885019
28892629
28916340
28927793
28927796
28935264
28938138
28947154
28947933
28947942
28949138
28977749
28987606
28988749
28994286
29019677
29029933
29037948
29039662
29039668
29042223
29050783
29066309
29074257
29100735
29116786
29146472
29148755
29148763
29156136
29185748
29205034
29211470
29223589
29223590
29236497
29258772
29259743
29259753
29259755
29273395
29274816
29277306
29291938
29300474
29301085
29316397
29324345
29324347
29328660
29328999
29350927
29378414
29381358
29384668
29395980
29397723
29439904
29446949
29451785
29452839
29456108
29456800
29457982
29461823
29469570
29482950
29494843
29517238
29541350
29541351
29541360
29541366
29544056
29548573
29555153
29571157
29587480
29590749
29596745
29602673
29609119
29613789
29615345
29622412
29627981
29634269
29649742
29657102
29671588
29673714
29677635
29683659
29688015
29699911
29708744
29709252
29716781
29723786
29733583
29733614
29737846
29751234
29752182
29763304
29776832
29795762
29798825
29798827
29805055
29860061
29871847
29878763
29884534
29886732
29889526
29927604
29939028
29939744
29952567
29980358
30006171
30031654
30034586
30034607
30077609
30077889
30078610
30082106
30091600
30096653
30097367
30125106
30128072
30128074
30130718
30137981
30139550
30148362
30196060
30199637
30207721
30215258
30216722
30234300
30243589
30252466
30256636
30265805
30289721
30296685
30317024
30327146
30335378
30336450
30337231
30342362
30344914
30346167
30346772
30347323
30350997
30358401
30383372
30389294
30392954
30399314
30403486
30411614
30455146
30457865
30481687
30499663
30500189
30500190
30529546
30538065
30538066
30562027
30563338
30570265
30572178
30576602
30594432
30595446
30598349
30605833
30613319
30620187
30622023
30624934
30629436
30638874
30640465
30653317
30655940
30655942
30655946
30681854
30682248
30692022
30694668
30698430
30707578
30709653
30714733
30715878
30755337
30763084
30763090
30776693
30783491
30792104
30840453
30869888
30875219
30878828
30879840
30879860
30891119
30891121
30891123
30891124
30891132
30893553
30895781
30905542
30916555
30928197
30928713
30929436
30939349
30943028
30943030
30943032
30964292
30964988
30981605
30986571
30992164
30996783
30996785
30996800
31012583
31059256
31070916
31079449
31097995
31099559
31117514
31117517
31129453
31153804
31158742
31186146
31194549
31199148
31199640
31200237
31223447
31223450
31244109
31246024
31260312
31265286
31279294
31282155
31288149
31291098
31298539
31299587
31301562
31301950
31312410
31314518
31318208
31319265
31335138
31351393
31381331
31381853
31385511
31385706
31390523
31401465
31408806
31413810
31414801
31416667
31430136
31434041
31444087
31445232
31498617
31518969
31525968
31531190
31532206
31532662
31539780
31549838
31566384
31596080
31596583
31610943
31670515
31675224
31708184
31721581
31732253
31743642
31746599
31749908
31749910
31749913
31755711
31790581
31806538
31815462
31838846
31851518
31864799
31889664
31894985
31910010
31910011
31910018
31926470
31934767
31935327
31948845
31986036
31999455
32026697
32071684
32071685
32077284
32083858
32101438
32105980
32115956
32122737
32162512
32173198
32182489
32201020
32223194
32247113
32248693
32282200
32282207
32285676
32292564
32293182
32298114
32330040
32336498
32342688
32345019
32368909
32369358
32392053
32392056
32420739
32433887
32435391
32442850
32452679
32462865
32470302
32502336
32506913
32527538
32538088
32551005
32551645
32584034
32597184
32634310
32666789
32667203
32667798
32696648
32711293
32717371
32731087
32768738
32787083
32787109
32794708
32810771
32828422
32828898
32832028
32832033
32877186
32877741
32877805
32882417
32882607
32897699
32897703
32900194
32906067
32910656
32927218
32931910
32945812
32960053
33007551
33007663
33032189
33034194
33049608
33062165
33063995
33064947
33096160
33103428
33109399
33118821
33120080
33127539
33160025
33180507
33187805
33196189
33214829
33214830
33237785
33261314
33268145
33291877
33306385
33314938
33321261
33325696
33335649
33335650
33356244
33356248
33385210
33385955
33399458
33422983
33426889
33479642
33479689
33479694
33486199
33488974
33488976
33488977
33523678
33540354
33548634
33550084
33588527
33591748
33592148
33595306
33596384
33662757
33682420
33705128
33724033
33730678
33734714
33738049
33738061
33771587
33784097
33787273
33799173
33822617
33826322
33831560
33844524
33859797
33859800
33887912
33890770
33892271
33900758
33902275
33929852
33929863
33949869
34015703
34027661
34028270
34038119
34044121
34048882
34055221
34055223
34056898
34080424
34080858
34095838
34095845
34097384
34111828
34124676
34126459
34138573
34141077
34141090
34142837
34161094
34174741
34236190
34251202
34251799
34260228
34261320
34267882
34273488
34292726
34319736
34324343
34355182
34355186
34374537
34387471
34391031
34413938
34413952
34413963
34413964
34416664
34419891
34428039
34428715
34432448
34437804
34445875
34450495
34461722
34467765
34481987
34530383
34531947
34531948
34536667
34543572
34553934
34571173
34581584
34607244
34613724
34626901
34636234
34643390
34648711
34662118
34662122
34664960
34671731
34671739
34672584
34676036
34676043
34699202
34734694
34748351
34762442
34782182
34798380
34802839
34825187
34838652
34843241
34861474
34871839
34906762
34910486
34917237
34917241
34917254
34918931
34922191
34929081
34931831
34954593
34962403
34967623
34998055
35016113
35033884
35044775
35051811
35051813
35059126
35113556
35119273
35123295
35143983
35179904
35188767
35200034
35219181
35229610
35231579
35245067
35257579
35261239
35263708
35279606
35295087
35300083
35300096
35308023
35313168
35315650
35339837
35346843
35349275
35352560
35357160
35390713
35430560
35436748
35450369
35453065
35466678
35475609
35512566
35525080
35584373
35586421
35586424
35586427
35586428
35586433
35598411
35605837
35609303
35612311
35635004
35640059
35647711
35649164
35653869
35660515
35666471
35679690
35687819
35704802
35729784
35737669
35785990
35786895
35786969
35797898
35817293
35834819
35878013
35880755
35915958
35922963
35928855
35947786
35952307
35969159
35972998
35978684
35978693
36001775
36001935
36070471
36075145
36089113
36089748
36092147
36105333
36137181
36184030
36202389
36206553
36216349
36219903
36251573
36279694
36322383
36355693
36378530
36384290
36385936
36395649
36399068
36402081
36439982
36440853
36442370
36507890
36511661
36526469
36538027
36562986
36573286
36622903
36649216
36682014
36757100
36793422
36802596
36802610
36823782
36883854
36893624
36896968
36966977
37003157
37012671
37030194
37037115
37068385
37077397
37079895
37084597
37137269
37172474
37255025
37269667
37285219
37312847
37329714
37382562
37427891
37436942
37454520
37458396
37464764
37465302
37465306
37556600
37580890
37583812
37584424
37584545
37607512
37647546
37651656
37734258
37766386
37796721
37797083
37861679
37944414
37991191
38061230
38065293
38107178
38141860
38150670
38151460
38190615
38217860
38218127
38229741
38320400
38330869
38335279
38393821
38413367
38482820
38516585
38537009
38552030
38588625
38711345
38746889
38748608
38776567
38782404
38807539
38814877
38878518
38894930
38941887
38961616
39013072
39037114
39142150
