7507165
7650689
8145218
8568809
8667363
8904845
9016328
9134746
9191963
9207949
9214730
9288166
9341911
9873384
9873638
9873724
10021912
10090780
10508435
10639280
10714506
10715157
10737750
10782674
10853661
10969978
11078204
11133101
11140722
11148027
11262092
11300880
11327582
11354377
11392539
11405647
11459654
11551757
11585452
11689083
11755339
11814816
11881999
12113830
12139455
12161161
12161162
12217360
12217371
12238930
12270174
12270190
12392734
12482416
12482438
12519063
12540232
12565959
12617916
12643901
12798329
12824047
12941331
14552782
14584942
14695829
14698164
14761181
14761189
14998327
15012994
15056002
15056012
15163192
15173008
15293988
15357991
15489168
15546725
15588083
15634010
15689153
15696596
15715463
15780628
15857128
15974570
16078828
16078854
16124774
16134941
16161995
16190777
16321531
16392794
16415863
16480284
16530412
16750628
16759855
16759861
16765048
16887347
16893647
16973359
17027271
17034116
17095233
17184884
17218638
17300163
17315853
17343372
17351628
17376430
17378545
17395594
17403681
17425296
17452318
17469811
17481893
17509878
17606371
17616113
17689836
17705362
17715908
17848581
17869099
17870545
17880056
17887663
17897949
17933528
17964780
17983746
17997320
18020309
18023580
18039577
18088098
18160288
18162398
18178084
18179464
18237106
18243421
18248814
18334293
18343125
18345609
18351727
18417348
18420406
18438986
18468890
18485715
18501614
18501615
18539026
18539457
18556202
18557606
18558742
18610999
18620864
18621530
18630890
18672369
18676144
18691892
18768317
18783202
18835160
18835166
18844338
18851911
18930653
18942827
18952420
19012391
19041241
19053753
19056264
19090779
19091559
19101151
19105658
19109024
19114310
19124243
19162488
19188066
19199284
19211249
19239259
19348473
19402633
19411176
19447621
19457660
19459657
19464884
19540765
19592246
19610618
19616957
19660943
19703774
19720531
19733066
19746975
19748785
19757823
19772287
19804971
19839614
19877603
19879755
19896842
19906464
19910191
19914835
19914837
19950900
19959359
19959360
19968289
19969453
19969465
20005116
20022495
20030405
20036448
20043696
20056541
20071170
20092323
20092334
20117004
20137931
20137932
20137943
20144869
20151677
20170163
20178321
20180536
20207136
20223661
20223664
20227881
20335034
20346655
20371179
20371182
20408530
20409618
20417587
20456957
20462762
20476787
20481595
20483621
20527891
20529683
20541944
20594859
20598780
20627597
20638853
20643554
20655213
20655754
20663667
20735001
20817523
20817538
20880704
20888763
20919678
20943390
21028894
21038853
21055932
21080642
21095125
21105711
21109434
21115247
21128645
21227550
21235240
21251824
21277201
21280651
21282056
21295889
21306896
21314128
21316964
21324683
21324689
21341675
21349714
21349726
21353545
21353551
21363918
21381754
21405128
21425998
21428375
21440447
21441024
21500777
21513293
21517068
21542630
21543226
21561768
21561770
21565499
21602044
21618986
21636276
21665484
21683601
21684740
21700466
21707077
21765407
21789172
21812414
21813275
21824777
21824779
21835615
21859094
21885276
21916432
21936536
21936542
21958738
21962523
21963986
21966950
21974952
21981714
21982499
21985377
21995460
22017539
22019186
22039836
22040023
22059882
22078214
22119469
22141319
22154558
22172029
22175799
22185640
22204741
22217871
22217933
22227214
22247788
22260203
22264476
22264479
22305612
22325945
22342143
22361686
22370265
22370340
22380736
22380777
22386527
22386983
22390835
22400713
22405648
22408719
22424612
22468639
22468684
22468999
22483582
22537109
22548342
22578460
22612866
22621397
22698782
22698785
22738316
22739090
22742537
22746295
22765894
22771232
22835870
22854677
22858099
22858139
22867529
22901387
22924094
22924688
22924734
22924815
22928914
22929232
22934600
22963135
22984865
22985853
22985959
22995624
22998419
23010268
23017051
23018096
23030502
23040893
23046960
23046963
23047228
23082860
23099093
23117174
23134659
23140885
23159568
23164656
23181502
23206987
23218715
23220644
23253074
23260349
23265905
23266120
23266122
23268742
23270382
23276450
23279864
23298810
23312472
23312943
23312944
23314054
23342950
23362923
23375090
23394205
23403081
23415083
23415090
23434139
23473053
23474386
23474389
23489211
23489628
23498919
23518277
23522834
23540645
23540646
23581551
23611771
23647823
23664879
23668484
23673215
23707256
23710622
23721423
23726034
23746474
23746475
23770449
23789857
23829549
23850199
23855836
23895492
23944843
23977416
23977883
23993328
24044434
24044867
24094432
24095096
24119448
24119869
24121234
24131218
24144283
24167659
24183742
24239481
24295787
24299503
24312699
24320998
24388993
24393039
24400806
24411123
24424304
24432909
24468632
24491635
24524217
24556380
24565969
24568695
24581546
24593905
24602792
24602795
24618511
24631361
24650704
24654918
24685113
24703463
24704031
24712764
24727489
24785465
24792774
24793360
24815508
24815509
24819116
24831826
24856058
24867403
24890652
24894560
24900264
24900298
24900358
24900421
24900464
24900493
24900510
24900681
24900685
24900718
24900721
24900739
24900750
24900774
24900800
24900831
24900844
24900865
24900886
24921156
24934992
24938495
24944742
24949551
24953602
24980053
25043312
25064347
25076195
25078315
25082515
25113930
25147152
25148209
25150090
25200979
25205190
25227162
25255283
25305330
25328063
25330343
25353650
25363711
25383915
25389560
25406853
25461329
25475894
25494040
25529735
25529738
25529740
25537530
25554922
25575659
25582600
25587754
25589931
25597334
25613679
25619636
25648298
25695670
25699151
25706100
25707013
25723005
25733882
25734520
25737085
25738750
25763473
25812966
25812967
25827399
25866240
25882519
25921264
25953155
25965778
25965804
25980912
26005540
26048789
26059596
26071372
26071861
26081758
26081760
26091726
26099534
26100441
26115571
26142947
26162498
26188620
26189078
26191356
26199119
26241032
26256053
26277758
26277759
26288679
26288691
26298494
26310890
26344595
26363867
26384287
26422006
26460788
26475519
26476749
26486225
26497283
26526214
26547056
26547232
26555154
26617966
26629594
26632965
26652247
26669707
26698536
26704264
26717022
26733474
26741358
26756222
26769278
26784936
26802545
26804230
26826731
26850006
26854379
26854747
26871660
26882288
26883149
26898338
26900656
26914186
26937601
26944616
26968253
26985304
26986036
26994843
27007185
27013392
27017548
27020685
27045975
27050713
27061987
27068889
27096039
27105029
27117427
27131066
27131639
27135370
27142754
27167172
27173797
27184766
27190603
27240275
27266526
27288643
27316541
27326339
27344214
27348537
27349331
27355974
27366941
27391135
27396610
27407033
27416328
27423639
27426299
27426304
27427902
27433829
27437075
27476424
27484508
27491023
27501911
27512831
27515719
27524310
27524312
27527804
27531604
27541578
27542308
27544589
27548392
27548746
27554445
27561983
27563395
27567369
27592503
27595421
27597418
27622747
27624074
27639364
27660688
27660692
27662032
27687967
27749061
27750146
27769623
27769671
27774132
27775713
27798827
27815117
27840070
27856237
27871037
27889287
27894589
27894870
27914362
27955923
27977190
27987485
27992714
27994725
27994733
27994735
27994752
27996267
27997172
28004573
28005388
28033579
28043720
28074653
28082036
28087272
28092155
28103033
28105286
28151659
28160944
28199108
28209257
28218840
28230989
28238614
28258797
28274635
28279849
28284862
28285924
28287730
28291685
28314598
28322565
28337317
28337323
28337327
28340412
28371664
28390994
28404375
28406629
28412159
28431341
28431354
28433679
28435528
28437629
28460311
28471657
28482151
28482155
28489362
28493698
28494256
28505536
28539220
28541695
28545974
28549889
28621538
28622906
28626519
28648461
28671460
28686443
28687204
28688280
28692916
28711352
28711702
28711703
28714692
28719179
28720504
28749667
28760529
28760531
28763648
28780190
28784429
28789911
28830649
28834431
28835784
28838691
28844493
28850227
28851503
28858765
28881288
28888822
28927786
28927794
28933846
28937774
28938137
28947151
28947936
28947947
28968506
28977749
28987609
29017116
29028534
29032032
29088532
29110986
29120624
29126728
29133033
29133058
29146452
29150396
29152052
29157685
29173945
29191502
29202405
29211475
29249626
29259755
29288940
29290543
29317150
29326017
29328660
29335205
29338910
29348803
29358027
29360358
29396364
29407956
29407963
29407971
29407973
29407991
29421573
29426771
29454918
29456799
29457982
29461827
29461833
29475582
29477888
29485864
29501944
29517911
29522671
29534926
29541363
29547830
29559197
29559198
29559278
29570292
29597170
29602039
29613789
29617135
29628325
29631788
29635166
29636220
29649742
29653895
29670696
29683659
29698859
29715023
29724589
29727562
29730192
29754833
29759726
29775303
29775310
29775937
29793751
29795765
29852068
29856615
29870256
29877709
29906114
29928803
29940462
29966916
29990434
30015070
30017113
30025350
30031652
30034590
30034600
30047410
30055463
30057155
30098869
30130103
30145050
30174151
30193216
30199251
30199707
30216848
30241010
30241012
30248654
30268822
30289716
30301676
30344001
30346772
30347329
30351000
30359818
30380863
30384606
30396033
30429956
30447888
30448414
30455152
30469039
30469042
30502115
30503942
30530173
30540910
30543440
30565923
30572178
30600149
30606670
30616053
30624934
30638966
30655951
30655953
30655960
30660828
30684797
30685094
30709653
30731397
30733087
30735901
30738655
30755337
30792101
30802730
30818268
30826508
30827110
30840447
30852386
30856407
30877972
30878832
30883102
30893553
30904755
30909021
30926315
30954777
30964292
30973735
30978559
30986059
30995036
30996776
30998353
30998845
31009559
31013427
31014911
31021626
31031055
31050421
31059256
31077998
31091477
31096153
31099559
31101472
31108261
31120251
31122869
31129452
31147103
31153805
31188592
31207462
31221612
31223438
31223440
31227343
31229873
31252306
31254923
31255927
31257080
31268699
31268709
31272795
31282155
31285097
31298540
31298542
31306009
31306818
31318208
31335138
31343875
31376564
31377035
31381853
31383589
31389699
31401008
31401538
31413800
31419130
31434039
31445233
31487175
31531198
31589043
31620226
31626545
31655429
31683104
31693351
31699536
31729873
31738062
31744780
31761386
31767402
31782922
31810784
31820985
31846325
31851518
31864800
31865018
31879206
31931340
31934767
31935327
31938452
31938459
31938464
31972088
31982653
31986406
31992477
31999923
32000051
32030976
32037829
32057583
32071676
32073845
32092587
32094009
32120325
32139324
32171162
32182488
32202790
32222663
32255344
32255628
32278513
32292543
32293182
32297743
32307259
32336498
32340792
32420739
32432874
32435389
32462866
32482069
32527542
32539378
32539387
32550992
32550994
32563811
32584575
32615502
32631532
32652434
32667202
32667799
32667814
32668381
32676146
32676155
32697083
32717529
32717616
32730944
32738413
32738993
32739648
32771798
32786235
32787103
32787110
32794745
32798788
32823006
32828424
32912437
32916044
32916382
32940040
32944134
32944143
32949719
32966896
33007551
33058670
33062162
33129590
33130288
33135887
33158576
33158579
33166925
33175530
33189437
33199155
33214036
33229136
33243531
33243532
33252239
33279288
33309162
33332136
33335659
33335675
33340914
33341650
33356222
33356246
33356253
33360197
33360579
33360793
33383152
33388654
33459024
33479618
33479666
33479683
33479693
33488965
33491454
33540357
33548635
33548803
33556787
33556869
33567378
33569941
33609659
33616410
33647840
33650861
33685790
33719441
33721669
33730624
33733758
33738073
33740547
33740548
33764065
33766762
33774344
33783225
33822624
33845232
33854702
33859804
33892104
33894507
33939425
33945281
33957388
33961417
33979774
33984476
33992931
34010766
34015505
34052677
34055224
34055228
34055233
34062252
34081466
34090079
34100601
34110834
34118718
34146913
34147908
34157569
34175535
34214508
34228434
34236862
34237622
34255518
34264059
34279934
34286973
34298282
34342227
34365129
34390826
34391034
34402300
34413957
34415745
34432448
34438337
34450497
34478292
34479036
34479103
34491761
34506712
34506932
34520958
34531951
34534838
34536667
34537445
34543755
34550687
34553934
34555281
34581584
34583130
34591474
34624491
34643383
34647731
34656898
34672559
34676030
34748333
34778768
34781680
34791873
34812616
34813314
34821503
34826681
34838335
34843241
34894681
34917244
34992038
34992041
35029981
35033885
35051747
35059126
35059127
35061384
35093670
35099969
35111280
35176561
35178175
35183871
35276425
35292341
35306814
35307617
35315650
35349261
35377638
35390715
35403430
35413416
35428012
35430560
35436667
35439421
35442700
35446588
35504210
35551036
35586440
35586442
35608571
35635004
35635948
35640327
35647546
35665691
35685617
35696642
35704802
35714367
35717872
35749986
35767437
35785724
35814926
35814933
35833347
35835377
35838529
35859885
35878418
35881556
35914250
35959635
35964425
35969157
35978693
35978696
36063115
36067356
36074956
36083840
36166370
36174835
36183504
36183505
36206538
36242988
36242990
36262387
36279149
36279692
36286259
36324498
36332553
36346696
36358010
36394994
36411036
36417820
36441945
36446205
36462438
36462440
36469401
36512711
36529937
36561076
36572866
36576395
36577216
36621137
36630177
36669398
36796297
36802596
36863225
36921527
36951608
36959108
36963270
36972104
36989813
37062169
37134203
37163463
37172474
37178482
37196547
37201454
37255025
37262349
37290185
37334504
37379958
37403966
37429084
37438997
37453330
37458396
37478560
37480587
37501287
37536208
37556946
37567056
37573821
37582195
37605459
37611534
37639823
37672931
37683364
37695288
37705322
37708796
37752076
37756547
37774449
37843072
37843892
37847244
37871406
37874905
37875056
37879043
37922829
37976805
37989057
38029358
38095579
38103535
38128234
38150705
38175811
38194775
38207096
38219658
38227770
38278079
38283225
38306598
38307442
38323982
38350360
38375796
38387335
38389871
38389872
38408511
38417632
38462716
38516606
38518523
38613773
38626522
38643670
38665842
38686671
38692522
38701714
38728572
38728867
38746889
38751194
38762915
38770784
38776379
38784474
38820338
38838546
38855903
38888047
38905805
38911158
38942126
38944933
38988222
38996365
39007759
39018924
39024966
39026631
39047611
39109492
39137389
39142023
39149105
39149111
39167895
39169676
39269610
