950651
2362265
2754707
8798583
9287420
9632370
9767635
9839013
10218828
10514292
10632067
10732965
10821713
11421762
11563919
11689067
11708910
11888271
12014965
12166941
12196020
12431053
12517147
12646025
12725862
12773032
12828454
12941292
15324879
15537349
15563167
15658850
15664805
15689148
15771413
15974596
16230018
16279781
16366609
16378379
16420031
16570913
16913695
16989531
17067156
17149883
17197182
17378546
17503851
17574306
17681794
17822295
17854153
17888667
17902635
17941623
17998161
18047264
18232655
18343673
18396354
18406135
18419109
18436348
18517184
18538575
18550228
18569333
18570368
18585045
18605718
18640842
18662884
18666002
18686941
18701305
18728994
18817366
18821258
18954037
18976927
19059786
19162488
19243862
19374444
19422203
19423342
19473849
19481235
19485411
19493592
19505825
19520578
19643609
19663388
19692250
19726199
19813747
19842944
19856923
19879672
19954865
20030505
20056426
20061157
20079560
20093035
20137934
20137941
20138518
20144867
20149667
20158205
20171894
20176490
20181484
20189400
20233015
20347302
20350808
20353344
20361801
20387815
20452769
20455574
20471843
20545360
20575555
20580236
20627738
20655219
20656495
20673725
20684567
20801550
20807084
20828184
20850311
20880702
20926161
20926162
20943395
20951037
20954721
20964319
21067438
21111515
21111617
21163662
21211982
21215642
21232964
21250822
21273074
21367493
21397501
21397996
21411323
21417225
21420206
21429752
21435752
21438612
21459491
21510637
21546135
21570751
21621414
21641207
21715067
21798635
21851087
21871694
21873056
21920739
21924611
21924801
21940169
21975066
22000936
22019228
22019465
22023459
22041172
22054058
22142546
22172310
22206546
22243648
22297115
22341898
22341944
22380775
22397393
22420827
22425563
22444876
22472046
22472693
22503231
22512543
22579615
22624880
22630076
22633691
22704921
22795665
22817559
22818849
22831800
22871134
22944335
22981331
23000296
23026084
23033965
23062825
23078965
23108363
23122816
23134335
23140986
23151013
23164658
23199476
23273219
23273608
23276831
23376249
23380475
23422935
23434223
23454132
23454517
23462716
23466605
23501115
23511019
23535563
23540646
23541669
23541836
23562059
23570788
23583510
23602518
23639542
23644208
23685572
23719283
23721952
23768661
23791077
23799643
23810675
23838422
23871902
23891231
23932451
23984975
23988409
23988412
24076173
24088053
24095756
24128814
24140444
24148835
24148993
24160297
24211638
24220172
24220173
24251446
24369842
24378710
24389509
24406103
24461494
24461561
24471650
24485122
24502897
24508831
24521095
24530494
24534538
24547899
24568372
24589487
24594525
24657052
24675179
24681070
24681980
24681981
24704612
24704618
24721830
24726809
24731278
24738476
24758871
24780600
24813882
24819955
24835788
24836068
24853320
24867309
24900454
24909082
24980117
25017625
25036795
25059502
25082512
25089370
25156301
25189690
25205193
25222040
25226236
25257911
25259726
25260958
25282266
25328063
25418204
25453793
25453812
25454267
25455147
25462245
25462625
25468034
25537270
25597004
25597007
25614117
25621991
25624107
25636055
25656088
25678013
25678015
25681712
25706320
25707322
25724825
25768702
25778991
25793650
25812965
25813159
25868744
25871261
25921269
25928210
25941042
25956827
25965977
25969170
25980913
26003339
26003344
26010139
26010585
26030662
26042530
26043948
26077890
26105711
26107513
26116179
26117820
26189031
26212777
26242241
26244990
26260334
26278660
26337018
26363866
26383128
26386602
26451651
26454504
26471320
26503905
26510670
26514744
26583263
26588065
26595185
26599534
26618211
26632651
26735910
26752094
26783181
26795115
26827140
26833890
26851737
26869193
26879857
26886849
26891099
26913788
26917219
26943478
26945113
26947959
26995529
27017111
27061983
27068142
27072909
27083471
27085663
27096334
27128182
27157006
27160052
27190595
27214510
27227482
27231829
27231830
27236720
27253679
27267007
27282589
27289559
27309570
27328658
27347731
27353888
27376495
27392529
27405689
27426301
27434226
27441832
27445168
27448914
27450532
27460699
27479541
27484514
27484515
27492195
27494166
27519464
27552582
27560283
27592396
27598521
27681239
27687968
27688184
27720328
27721153
27721157
27736061
27744187
27744252
27750058
27769620
27783974
27789142
27823880
27823887
27856236
27863370
27876467
27908752
27914694
27914796
27918993
27923535
27923619
27936444
27951485
27951489
27951490
28011206
28064079
28089589
28126287
28126439
28177228
28182413
28189420
28189905
28237559
28242549
28245905
28267984
28279561
28279845
28282613
28302511
28371641
28388521
28400237
28404526
28433681
28445039
28458136
28478343
28487125
28501648
28505534
28578994
28587871
28605675
28613859
28626522
28667874
28684009
28688279
28728106
28728108
28751142
28797883
28802122
28803044
28810188
28863358
28923380
28977749
28986116
28987605
29031067
29031070
29033232
29033233
29091431
29120642
29126732
29172081
29195794
29227101
29268129
29324339
29335209
29335210
29353726
29400965
29400966
29407958
29421570
29429576
29438888
29466774
29475581
29500132
29524731
29533874
29541355
29670693
29676580
29729987
29763806
29763808
29857276
29866481
29870665
29886083
29886321
29958119
29960728
29969030
30017112
30017317
30025348
30031971
30040425
30096649
30096650
30103193
30104121
30125110
30183289
30190181
30220607
30223122
30243151
30245401
30339371
30340901
30366255
30383374
30447434
30470598
30503937
30527867
30578075
30579802
30683553
30685536
30686752
30698428
30701972
30703745
30739821
30744931
30765302
30771601
30771604
30772129
30784879
30784883
30795991
30798053
30822710
30851693
30884327
30888810
30910460
30952387
30956012
30956014
31029943
31055149
31078410
31082225
31103902
31128990
31136894
31158754
31176571
31185414
31229875
31255497
31255926
31265934
31272793
31280020
31281020
31288978
31300317
31310916
31350127
31352246
31376562
31378596
31400708
31401008
31415981
31419776
31429569
31433188
31437780
31444085
31479975
31521458
31561043
31563012
31581002
31609115
31609608
31669851
31675511
31708262
31724859
31736307
31744779
31804070
31812794
31864798
31865014
31882295
31901380
31901382
32008882
32008906
32031378
32087464
32088494
32131034
32146060
32150413
32151835
32165042
32239935
32240904
32309949
32375073
32380361
32380385
32381396
32388114
32435398
32454229
32496059
32569925
32688201
32706255
32717612
32763463
32781220
32787143
32818604
32822761
32861919
32882609
32919297
32941036
32942070
32942081
32950908
33007563
33023291
33032085
33120080
33121862
33137375
33148492
33160146
33160760
33189440
33310285
33310287
33310288
33335657
33340937
33356266
33359445
33395623
33412421
33423841
33440318
33476932
33479629
33479638
33479649
33479653
33528252
33570950
33582578
33611189
33640707
33662757
33667847
33829779
33831780
33838585
33848698
33892271
33901898
33945281
33973470
33979775
33984470
34024109
34116326
34130217
34152756
34153471
34153576
34153839
34198150
34304133
34355181
34371131
34371367
34391122
34391893
34445873
34461507
34479038
34481338
34530376
34530383
34555506
34695777
34742016
34743062
34752955
34795859
34910498
34922191
34923430
34995924
35026532
35028560
35063731
35065231
35101650
35124202
35183029
35195417
35255209
35271276
35276424
35299116
35300078
35303485
35305462
35339839
35395370
35398739
35434628
35462163
35472851
35526478
35635955
35653868
35658485
35689855
35694691
35728508
35779827
35858523
35870364
35923722
35930852
35969197
35987018
36007469
36037791
36044812
36047675
36054949
36067929
36084304
36084535
36092149
36095307
36126323
36155355
36179486
36223681
36257284
36307033
36332553
36542960
36561075
36580744
36586299
36696766
36753881
36808969
36921526
36996715
37003157
37031527
37043994
37043996
37094110
37127287
37182334
37224761
37236021
37252104
37364726
37465295
37482018
37487339
37567058
37615114
37678141
37734258
37837674
37856864
37871406
37874947
38008338
38020070
38052155
38101038
38134747
38157596
38215587
38218127
38229749
38278079
38283217
38401458
38452730
38508119
38516603
38546542
38579622
38614062
38614063
38663285
38665821
38701714
38704944
38784455
38820854
38830427
38852337
38911155
38911158
39002183
39013357
39038276
39149109
39229678
39256214
