10395482
10987423
16520733
17287122
17311923
17317193
17658776
17881236
18157122
18221871
18313933
18539454
18841881
18954040
19055415
19632836
19783143
19804971
19819706
20014869
20218619
20297846
20483608
20594847
20731360
21211969
21295478
21316228
21341745
21354800
21493077
21764306
21802943
21803580
21856049
21916510
21958540
21972823
22047688
22165858
22196117
22224640
22277279
22368763
22408714
22452412
22632934
22924688
23021991
23157587
23721423
23757209
23851114
23867164
24021582
24090364
24184213
24273637
24417533
24512187
24556380
24611893
24613626
24685542
24726806
24773054
24779514
24814197
24900226
24900280
24900284
25272055
25380412
25599838
25633741
25695368
25701252
26234906
26652588
26675441
26701356
26710088
26717207
26836364
26943020
26991939
27049177
27100033
27130359
27280693
27285051
27393949
27476141
27476421
27528113
27531604
27563400
27583770
27660855
27676469
28103033
28105286
28108251
28139931
28279528
28523115
28626519
28671460
28851503
28927786
29016119
29031078
29172502
29359565
29398441
29406702
29457982
29494843
29670707
29847724
30034600
30113844
30199251
30290988
30301676
30409536
30423248
30429955
30595446
30655951
30655957
30743096
30857747
30895781
30973727
30986068
31033293
31097999
31318208
31368705
31525963
31609613
31620235
31670517
31749910
31841625
31881455
31938457
32005415
32071685
32083858
32109056
32209293
32253095
32292557
32420741
32482069
32551012
32696648
32768738
32787094
32832018
32832028
32845153
33034194
33181479
33214829
33223263
33261314
33335668
33454462
33488975
33724808
33797901
33945992
34055226
34118722
34138567
34146913
34303081
34458743
34496204
34524803
34529443
34600035
34699202
34734694
35113547
35300079
35313168
35483322
35732082
35749986
36126059
36385926
36484801
36512734
36640928
36657024
36808973
37226718
37253305
37312861
37561993
37823891
37906573
37940118
38085607
38116444
38665838
38727100
38805213
38894905
39053189
39111015
