7523675
8667363
10509919
10514279
10737745
10891096
11052784
11354359
11514153
11975483
12828470
15006365
15115387
15293984
15317454
15317461
15481978
15509154
15664855
15664859
15715460
15826183
15916420
15974572
16028929
16112571
16137879
16202589
16203144
16213716
16220982
16242339
16249345
16263276
16427279
16451081
16480864
16570917
16600594
16630722
16647257
16759082
16789731
16789737
16962773
17000111
17034116
17055721
17132624
17132625
17168540
17181155
17181172
17181177
17227711
17256834
17276059
17292606
17378545
17513110
17536794
17552510
17616632
17692431
17827009
17911242
17918820
17918822
17981461
18006306
18020435
18040043
18197612
18237106
18242992
18243697
18269228
18280153
18289848
18318467
18430569
18456494
18484710
18511276
18539029
18571929
18583128
18591276
18602262
18621524
18662874
18755586
18762423
18783200
18785725
18785742
18790636
18793847
18799592
18800048
18811137
18835176
18841882
18845435
18849971
18851976
18925736
18926699
18951788
18954041
18976929
19012392
19017562
19049347
19053747
19071018
19081251
19121942
19138149
19161318
19179081
19193011
19201606
19217286
19226165
19228017
19243938
19252499
19267461
19303774
19321341
19331414
19334714
19345579
19356928
19366247
19376699
19380225
19428251
19457659
19464886
19469546
19492850
19497745
19515556
19561619
19595590
19610616
19610652
19620011
19628397
19645433
19703774
19705860
19728728
19736928
19743858
19746975
19772287
19811916
19819692
19824648
19836233
19836860
19850483
19879669
19880322
19884013
19888761
19896845
19928922
19932972
19963384
19968288
19969453
19969455
20050669
20055425
20158203
20189383
20192224
20207139
20218621
20223663
20303752
20334367
20334371
20346656
20405848
20427184
20441222
20443226
20443627
20452225
20538469
20570147
20619664
20634069
20684551
20684596
20735001
20869793
20870405
20883026
20933419
20934334
21030263
21033669
21038853
21073190
21087868
21129964
21145740
21189023
21216604
21218783
21235240
21241056
21322614
21381753
21417280
21420297
21443232
21462933
21486047
21526763
21561771
21574625
21605975
21636270
21639134
21643473
21664815
21684048
21699136
21715165
21719286
21742492
21763134
21764580
21778054
21797225
21807512
21823617
21846139
21851064
21867918
21885275
21899328
21945250
21963986
21972823
21981714
21985639
22014826
22039836
22040023
22046493
22047606
22066525
22136469
22137339
22148838
22172701
22180837
22182499
22189141
22200597
22230199
22257213
22264476
22266037
22310227
22342144
22342627
22372864
22385507
22413863
22424975
22448988
22455398
22455444
22480851
22521647
22563729
22570300
22578460
22582973
22608393
22608961
22626259
22650325
22672799
22747598
22789427
22789708
22819764
22834877
22840775
22866979
22877085
22889562
22902659
22913511
22934575
22938030
22940704
22946614
22975593
22989379
23018093
23021994
23030453
23050700
23088498
23122820
23153798
23177256
23186287
23199485
23206987
23218715
23220642
23231413
23244564
23244744
23265894
23281927
23314054
23360239
23375094
23395111
23395113
23414840
23448298
23466225
23530754
23562243
23566764
23570791
23585920
23647266
23651223
23651330
23660015
23662903
23725560
23726030
23743278
23767404
23786219
23791367
23856050
23867164
23914285
23932790
23953070
23965125
23968501
23977883
23993674
24011644
24015967
24040486
24042008
24044500
24073326
24075729
24095762
24100158
24125885
24144283
24152295
24189054
24215891
24239189
24286762
24315190
24320998
24327656
24332088
24332488
24389511
24403173
24417449
24491171
24506830
24508830
24512214
24523409
24548207
24565573
24582986
24588105
24625057
24631189
24656565
24656661
24673104
24742680
24749893
24751441
24751445
24755427
24763261
24775304
24799995
24813735
24827861
24852275
24881566
24881567
24884780
24891505
24900213
24900244
24900335
24900346
24900435
24900493
24900605
24900635
24900664
24900672
24900713
24900768
24900814
24900882
24901800
24973029
24980053
24980703
25019388
25027801
25032507
25105924
25148209
25159123
25264825
25277067
25278234
25313505
25369367
25369470
25396320
25415535
25452002
25454794
25479567
25516791
25668341
25677667
25679114
25686153
25686852
25693787
25695670
25695766
25699140
25728019
25751283
25768705
25781223
25797160
25801159
25815153
25815155
25818766
25840886
25855505
25870132
25901531
25936260
25937010
25970224
25978072
25978964
25985283
26003343
26048793
26080064
26101573
26112442
26125948
26126123
26196061
26218264
26222319
26258437
26288158
26319621
26348784
26355916
26378882
26411795
26419422
26421995
26431428
26443011
26460684
26469307
26506089
26526739
26546213
26555154
26558516
26572217
26584879
26620718
26673461
26710088
26713099
26713111
26724730
26727270
26741947
26761776
26774929
26786695
26844689
26854747
26897089
26907156
26914744
26954324
26958703
26982372
26985288
26985305
26985630
26988306
26996371
27003516
27017542
27031670
27043269
27049177
27080185
27096040
27096044
27109867
27116709
27133481
27160052
27176944
27185013
27190592
27229618
27246618
27297568
27326332
27326334
27326335
27329786
27353532
27362876
27409246
27409354
27411733
27423480
27428792
27437072
27454933
27476419
27476420
27500311
27503683
27528113
27578246
27578248
27588426
27592390
27592392
27597413
27598236
27647375
27660687
27688186
27690435
27712939
27720555
27749061
27766867
27783977
27805390
27810243
27810438
27829520
27839920
27907876
27914802
27919612
27933959
27933961
27994729
27994731
27994761
27997172
28004945
28004946
28005357
28027532
28051871
28064141
28105269
28105284
28105287
28117121
28129991
28151659
28161249
28165218
28165743
28166391
28191850
28195723
28197315
28197322
28199108
28216405
28221775
28231433
28233676
28244987
28245116
28274673
28285924
28339196
28339198
28343875
28368581
28375629
28376304
28400230
28406621
28412204
28426931
28426997
28434765
28462841
28471657
28478342
28482147
28482155
28492317
28501511
28525735
28535045
28559059
28570067
28586718
28587461
28624143
28626520
28626529
28653845
28692295
28711351
28720328
28735214
28738306
28740606
28757062
28765013
28797774
28816449
28853884
28866374
28886509
28929751
28933546
28934246
28937774
28945083
28951093
28968506
28985058
29017786
29019676
29028171
29037947
29045135
29057043
29057045
29057057
29111705
29117896
29144739
29198894
29202402
29229225
29254892
29259749
29284090
29291372
29294275
29323899
29326019
29328660
29329659
29331267
29360358
29398541
29400967
29407951
29407973
29409708
29424542
29438612
29449124
29505934
29510040
29518319
29525335
29525435
29528635
29534931
29545102
29545103
29561151
29566488
29567459
29578710
29584430
29587221
29613789
29650462
29652143
29653895
29655979
29661622
29664627
29681433
29698859
29705141
29712435
29733645
29738674
29741882
29750408
29759799
29775303
29775308
29776834
29795768
29807699
29807796
29856609
29856623
29869503
29878763
29890830
29940120
29941193
29944371
30015487
30019901
30025900
30034607
30037752
30045621
30054191
30095910
30122040
30128073
30143423
30148634
30170927
30174151
30193215
30193216
30199707
30205005
30245400
30249354
30253095
30258537
30278333
30301675
30344914
30347328
30351000
30351001
30384047
30388464
30392779
30445265
30462504
30482547
30482620
30522957
30525597
30532965
30540174
30540463
30562696
30576901
30582813
30594434
30596500
30597326
30605331
30613318
30613326
30626558
30629437
30657313
30676015
30682255
30689376
30709653
30720278
30769242
30783494
30784881
30802730
30803229
30816712
30819620
30822711
30856324
30856332
30858025
30879860
30879861
30888817
30891126
30908048
30929420
30973731
30978559
30995398
30996783
30996791
30996808
30998358
30998845
31000154
31013427
31029551
31033293
31047751
31079964
31100649
31103902
31129054
31129454
31157974
31158755
31202993
31212132
31220676
31223456
31235261
31244107
31244110
31260300
31265286
31268699
31274313
31274316
31276392
31283229
31291098
31300317
31307888
31314518
31339316
31391879
31407888
31411465
31419141
31421630
31446244
31449405
31461688
31490070
31493989
31497959
31509708
31531200
31553873
31560543
31580668
31591015
31603674
31614258
31622096
31635932
31647659
31655430
31657556
31663736
31682434
31724864
31725295
31747516
31753799
31800244
31810784
31820982
31839539
31857838
31904959
31922756
31938460
31945667
31971799
31971801
31999923
32035700
32046917
32066011
32068404
32071684
32114360
32142281
32163286
32163813
32184962
32184971
32202781
32223236
32248003
32275432
32292559
32324396
32327351
32329617
32330741
32338903
32352776
32352777
32371333
32435383
32435423
32435424
32491863
32503696
32525674
32539387
32546299
32551005
32563811
32585100
32603594
32603980
32615502
32616185
32631515
32631516
32631520
32668381
32672458
32673492
32676148
32683166
32758860
32786235
32787081
32787144
32787145
32794745
32809824
32845153
32865176
32871539
32878437
32902980
32939229
32944137
32961480
33021789
33038548
33062184
33069067
33077264
33078933
33135887
33140956
33142063
33143415
33158576
33175530
33189436
33197310
33210531
33218896
33229135
33253879
33264017
33283516
33314931
33333396
33340913
33356244
33360802
33378180
33381963
33381970
33383152
33387904
33412421
33423841
33428418
33445154
33481605
33488965
33488976
33502198
33576627
33592144
33603969
33603970
33616410
33619958
33621080
33666415
33689933
33724834
33725632
33738064
33756127
33765606
33766767
33793216
33818106
33845235
33848699
33859786
33862513
33872011
33892272
33892273
33906046
33908781
33939407
33939422
33984476
33991628
34000509
34030087
34034128
34044539
34055231
34100601
34105966
34107385
34119834
34138572
34141084
34141085
34141088
34153472
34153839
34196551
34210138
34225179
34225180
34228434
34236185
34252790
34267887
34267888
34279092
34279939
34283608
34286973
34292726
34297567
34342224
34342996
34364162
34415745
34472840
34506932
34530384
34531950
34542267
34547507
34570508
34591488
34610548
34624491
34643390
34652918
34676755
34714078
34714648
34735919
34752952
34792334
34795863
34809430
34820624
34821503
34881891
34906671
34928151
34928601
34935393
34962802
34971873
35007061
35033824
35033884
35063736
35089030
35092900
35114538
35133824
35148092
35178181
35178186
35182816
35224495
35333039
35377645
35385805
35420431
35427125
35436124
35436588
35462166
35468293
35472851
35476936
35500243
35503419
35507418
35525212
35544982
35549469
35586418
35588495
35597008
35604326
35612819
35653642
35653695
35658428
35675755
35687391
35691131
35691175
35696797
35759679
35764033
35777073
35777270
35786895
35834905
35838529
35859860
35859864
35859883
35878418
35964426
35978680
36063664
36074956
36092148
36105323
36117290
36149939
36154172
36166370
36183504
36204777
36206538
36256875
36262404
36263945
36265279
36327103
36346971
36367749
36378254
36385940
36441945
36462440
36503229
36507721
36516003
36518703
36561070
36562717
36577036
36599228
36622056
36624931
36630177
36669370
36680883
36709650
36724631
36735833
36749938
36760746
36781172
36793435
36793438
36897932
36965536
36989811
36989812
37058391
37084596
37105490
37130343
37150057
37161783
37163948
37172473
37178483
37197453
37197463
37253305
37267712
37307624
37312849
37360395
37367818
37382379
37382562
37427891
37438908
37441735
37465309
37471629
37499118
37523719
37531744
37542993
37544185
37552884
37578217
37583816
37583819
37594012
37607438
37619298
37650225
37658813
37669595
37683104
37706450
37708384
37713805
37731696
37736168
37736193
37857324
37857466
37859722
37874947
37878264
37983486
38008341
38039505
38043492
38059452
38062557
38070430
38095579
38096366
38097141
38107168
38113353
38116426
38118394
38156615
38159482
38175811
38199162
38215028
38229750
38352834
38352842
38356330
38359536
38367493
38367495
38373466
38382391
38385428
38387074
38389889
38394996
38408347
38442261
38477974
38478885
38485922
38490062
38505838
38516600
38518734
38533580
38581730
38582133
38595098
38597264
38716576
38758695
38761584
38784462
38788299
38804039
38805939
38861808
38912577
38913996
38942127
38955347
39010658
39098133
39121336
39129245
39132814
39140038
39190548
39225755
39229909
39240657
39241669
39256986
