576620
1527782
2197411
2200122
3309316
3379417
3560154
7523675
7608893
7658450
7783120
7861404
7932546
7990107
8423599
8426362
8494379
8544171
8558507
8568831
8667359
8691434
8784449
8893827
9046346
9089336
9090873
9154969
9171880
9195867
9224565
9341911
9406595
9484509
9526555
9554878
9622543
9651151
9719600
9748353
9818151
9829999
9836627
9865942
9871583
9871684
9871711
9873373
9873411
9873718
9873727
9888839
9925736
9934481
10091699
10387041
10406636
10406647
10445051
10450950
10476856
10508432
10522696
10571163
10632058
10762050
10853660
10866371
10866394
10882008
10937745
11000000
11052808
11090628
11133099
11170625
11229773
11229774
11262083
11297453
11374943
11384246
11392550
11472213
11520194
11543677
11572683
11585445
11585446
11591522
11677134
11708926
11728184
11738604
11754593
11784141
11896401
11906289
11960499
11975520
11975521
11992771
12036343
12113826
12141869
12223444
12358520
12408711
12419361
12419377
12459015
12534275
12573694
12593654
12694187
12713420
12723947
12781182
12798321
12857114
12880315
14505679
14522962
14552750
14561086
14606817
14643311
14695825
14718605
14741294
14996743
14998327
15006388
15027855
15027864
15055992
15081042
15081893
15115390
15163180
15163193
15177446
15189032
15203132
15225709
15246006
15261270
15341947
15380231
15482948
15482949
15533054
15546726
15566281
15582402
15582415
15582452
15582469
15588077
15634008
15634010
15653343
15664516
15664518
15686941
15689158
15713400
15713418
15734645
15743206
15745833
15755665
15755666
15780621
15837295
15837304
15837308
15837310
15863311
15887965
15896958
15908206
15925510
15943472
15974598
15975788
15975789
15982880
15983377
15993070
15993587
15994085
16004505
16023344
16038535
16039855
16046125
16046129
16054360
16078837
16085416
16107158
16125385
16134930
16143527
16161994
16162002
16183021
16183279
16201766
16203144
16220977
16220987
16248836
16249081
16260133
16263281
16275085
16279769
16290936
16332437
16335928
16335934
16338135
16376075
16376544
16377201
16386899
16392787
16408003
16408088
16408092
16412634
16420034
16420052
16420067
16439135
16446091
16451048
16451058
16476733
16480269
16480273
16480871
16480874
16495061
16506782
16509577
16520733
16570917
16580202
16610800
16620080
16621571
16638531
16644213
16690314
16731764
16759091
16759095
16759103
16768443
16792415
16821776
16821781
16854051
16854060
16866524
16870439
16870442
16876402
16876407
16899369
16904316
16913704
16913712
16913714
16913725
16919457
16919960
16921367
16949284
16949285
16950396
16996734
17000106
17010607
17034118
17034136
17034146
17034148
17035017
17046265
17052908
17055272
17064063
17067175
17083960
17095213
17107790
17107793
17112725
17113301
17113302
17113558
17114002
17125252
17149860
17157006
17157021
17181160
17187079
17190441
17194595
17201413
17230192
17239592
17256833
17263522
17266193
17274610
17276063
17289381
17289386
17291750
17307359
17317162
17335183
17336062
17337342
17338508
17349580
17350841
17367123
17382545
17403681
17420122
17432843
17441705
17465519
17469812
17477518
17482464
17488003
17488811
17489579
17498954
17500511
17502136
17507218
17532630
17535802
17537721
17539623
17568739
17574423
17583335
17588900
17606376
17616115
17620375
17620441
17636946
17636949
17655271
17656319
17670938
17709248
17718722
17761421
17804227
17804234
17827005
17827006
17827015
17850059
17889532
17894481
17911019
17915848
17915853
17941625
17958342
17973363
17981808
17985858
17993277
17998161
18020307
18027904
18038970
18039579
18042731
18054228
18054488
18059262
18078750
18089721
18171615
18173229
18177053
18221310
18223646
18227510
18243000
18243422
18243695
18247549
18269226
18278855
18291323
18308563
18311908
18313933
18316192
18324760
18333606
18337105
18341273
18341296
18343106
18343121
18343903
18362041
18364257
18370373
18375120
18378449
18378451
18391212
18412327
18416543
18440229
18454143
18457381
18462007
18494463
18507370
18522384
18524589
18533710
18550372
18556651
18570366
18572405
18578471
18585034
18585390
18605714
18614366
18620380
18620382
18630894
18636690
18640042
18662880
18667310
18680359
18694948
18701301
18701307
18707091
18710210
18714982
18718763
18722120
18752960
18755588
18759424
18760609
18760862
18763755
18778938
18778944
18783203
18783943
18783948
18789685
18789861
18793851
18804034
18808144
18811140
18831589
18834112
18842420
18922779
18930400
18942826
18945617
18947221
18951803
18954985
18955520
18980842
18993064
18995931
19014888
19019676
19036583
19053825
19053830
19054672
19072540
19084395
19086895
19093884
19095442
19095443
19101978
19110420
19111460
19124252
19138845
19138846
19143533
19143565
19161278
19162486
19168352
19170530
19171797
19173605
19181524
19185501
19188399
19195886
19208473
19216074
19223622
19243944
19261472
19267475
19271755
19273679
19278250
19285413
19296597
19303173
19317450
19320489
19326941
19328002
19328682
19329314
19329331
19330012
19344175
19349520
19359173
19359184
19361197
19364118
19374401
19375196
19376703
19378991
19388676
19396178
19396179
19406640
19419202
19419203
19419205
19419206
19422229
19423346
19428244
19428251
19438227
19443217
19445453
19445513
19450982
19457659
19459657
19473017
19477642
19481449
19482472
19493591
19497739
19505825
19515557
19515558
19519743
19520575
19520580
19522501
19523824
19523835
19524436
19534555
19539471
19539480
19540765
19541487
19555120
19560918
19569717
19572549
19572550
19577470
19580319
19592257
19596577
19616430
19616958
19624136
19631532
19631549
19635672
19648005
19653681
19663428
19670875
19682971
19683843
19689106
19694468
19699639
19700324
19703770
19705846
19713107
19715320
19734050
19743867
19746963
19746979
19754198
19772287
19772295
19773163
19775099
19778024
19783433
19791799
19800793
19819694
19833514
19839592
19843080
19886628
19888757
19891440
19897367
19908840
19908842
19912058
19913414
19914065
19914066
19914074
19926360
19928859
19931460
19932960
19938842
19939683
19954246
19954984
19961222
19969400
20000469
20004584
20005117
20005726
20006499
20006518
20017516
20030343
20030504
20036560
20036564
20038105
20044255
20047280
20053563
20055495
20056425
20060622
20093036
20096591
20097567
20100661
20108932
20116265
20116898
20116902
20117937
20122835
20122837
20129791
20131843
20137927
20137932
20138769
20139990
20143840
20149651
20149657
20151670
20153187
20153189
20153202
20153560
20153647
20170186
20171097
20171895
20180536
20188547
20189382
20189386
20189401
20205394
20206015
20207142
20207539
20218620
20219367
20222761
20231099
20303626
20363133
20363636
20373765
20380377
20381359
20381363
20382016
20382541
20384344
20385498
20395148
20405922
20417107
20426472
20430628
20452225
20462271
20462762
20469868
20481438
20481544
20491440
20493693
20494587
20541849
20557054
20557099
20570146
20575550
20575555
20576572
20580231
20586421
20591669
20594842
20598883
20615695
20615697
20615716
20627722
20630764
20638279
20669927
20669983
20674099
20674350
20684594
20684611
20696581
20724166
20726512
20797610
20812725
20823284
20843687
20843688
20850205
20850300
20850301
20883026
20886838
20931971
20934348
20942472
20947351
20947359
20951038
20965620
21030256
21036040
21036041
21041082
21047106
21059649
21068391
21070033
21073160
21078557
21079602
21080647
21090681
21094047
21106276
21106379
21121631
21128618
21128646
21134755
21134756
21138310
21143042
21146987
21168329
21183344
21189019
21194943
21195614
21195616
21208635
21215619
21216150
21222511
21227702
21236666
21256006
21257309
21261296
21277203
21288892
21295887
21295978
21300546
21306895
21306905
21306906
21315612
21316237
21316817
21316958
21324681
21332118
21334896
21337480
21349710
21349711
21354795
21366301
21370884
21381754
21382717
21382718
21382719
21392992
21405131
21413798
21413800
21413808
21414777
21417219
21417297
21417419
21420859
21420863
21428295
21434686
21441024
21441025
21441028
21456601
21476600
21481589
21486038
21486695
21489790
21489803
21504847
21506603
21510613
21510635
21514700
21524089
21528845
21531557
21534605
21536437
21550808
21555224
21568335
21570283
21571536
21604760
21612232
21612925
21621312
21621883
21623631
21634377
21634430
21640588
21641211
21641214
21661760
21665470
21665483
21680182
21682257
21684743
21696156
21696956
21700208
21703734
21707078
21708467
21711053
21712146
21714538
21721525
21723733
21726077
21728345
21733683
21733690
21733692
21733698
21740106
21741239
21741838
21741839
21741848
21742494
21745740
21751791
21763148
21764589
21764590
21778064
21778065
21780776
21780790
21788134
21793558
21794960
21798635
21798738
21800876
21802290
21806011
21812414
21816517
21827183
21827363
21840218
21840723
21843936
21849222
21854074
21855356
21865048
21866961
21870877
21870878
21872365
21873051
21875796
21875805
21880399
21880495
21882827
21889343
21895016
21902175
21903387
21903390
21903398
21911291
21916510
21920765
21920766
21923175
21923181
21923190
21923198
21924799
21925881
21925885
21928839
21930380
21937235
21955158
21974949
21975067
21978679
21986588
21995444
22001088
22004849
22017477
22017497
22017539
22019046
22037049
22040023
22041060
22041175
22047606
22054058
22055712
22060139
22061639
22071305
22078413
22079754
22079757
22079761
22088955
22094280
22098589
22100261
22101134
22107038
22111545
22112208
22112540
22115839
22118188
22119130
22130135
22130420
22136336
22136404
22137457
22137786
22142541
22148323
22148584
22148921
22153941
22154351
22154891
22169600
22169633
22175799
22182498
22182579
22185476
22185619
22196515
22196621
22197142
22209458
22209731
22214395
22217870
22222037
22222137
22222157
22224594
22224640
22224710
22225638
22233320
22233543
22236472
22243413
22243962
22248356
22248361
22248857
22257892
22257893
22260166
22261021
22263837
22264472
22268551
22276693
22276851
22277588
22280363
22280453
22281185
22285571
22285942
22290078
22296826
22300884
22304848
22309913
22310229
22324546
22325155
22325945
22325946
22326398
22329602
22335894
22339127
22339472
22342267
22342630
22360565
22361272
22364812
22377519
22380511
22380629
22381048
22386368
22386564
22386983
22386984
22400713
22404346
22405919
22406151
22410247
22414613
22414679
22420626
22424978
22435669
22437115
22439863
22444875
22450130
22455312
22458611
22464684
22465091
22475561
22475926
22483089
22497444
22497761
22503246
22503250
22506561
22507964
22516282
22521647
22522007
22524450
22524676
22524677
22525314
22541394
22543028
22545772
22545939
22546671
22548365
22552008
22552195
22560838
22572580
22587443
22591648
22593037
22607152
22607673
22607683
22612268
22621397
22633833
22642300
22646221
22650618
22652255
22658537
22677318
22677529
22682300
22685215
22686657
22686946
22691057
22705022
22705191
22724510
22727639
22727645
22727779
22727780
22737278
22738293
22738629
22738631
22738638
22739085
22746324
22749189
22749278
22749281
22749871
22762530
22765237
22771007
22781190
22788932
22789706
22793499
22795831
22796182
22800498
22801642
22831802
22832319
22832322
22834902
22835719
22844551
22850208
22858096
22858142
22861813
22868229
22873688
22877157
22877635
22881866
22884354
22893598
22897946
22901310
22901387
22901393
22901672
22902659
22921742
22929231
22931526
22932316
22938049
22938786
22950366
22950983
22954357
22957720
22959556
22963087
22967811
22975302
22978849
22989533
22989912
23002419
23009169
23009203
23010262
23010267
23010268
23017883
23021104
23025824
23025996
23026080
23031230
23036952
23036954
23040896
23061376
23062821
23063566
23072865
23075067
23079529
23083016
23084893
23088558
23089527
23102654
23107515
23107667
23116147
23117174
23121075
23122525
23122821
23122857
23122934
23126600
23127490
23127889
23130964
23132334
23134659
23142320
23142615
23149299
23151085
23153230
23153282
23167691
23170970
23176628
23181502
23189967
23202846
23206861
23218775
23237835
23239555
23241029
23245571
23246356
23252603
23265874
23286832
23287054
23294220
23294255
23298236
23301527
23305300
23308336
23311358
23312611
23313637
23313638
23316803
23318905
23323521
23324406
23327640
23327656
23333209
23337801
23339734
23342998
23347803
23353736
23356879
23360215
23362959
23363020
23368884
23374014
23374869
23374872
23376997
23391306
23391364
23395658
23411074
23411075
23411396
23414802
23414842
23433670
23434140
23434419
23437772
23441572
23453841
23454516
23454517
23455026
23458498
23474388
23474898
23474901
23489211
23489630
23493449
23498915
23520985
23522835
23530623
23534930
23535328
23535330
23540644
23540790
23541650
23547706
23547757
23548908
23562241
23562595
23570514
23570542
23574272
23581530
23583513
23584544
23586711
23586812
23594271
23598247
23600958
23601707
23601814
23602523
23608763
23622981
23622982
23623257
23623259
23627282
23631411
23631427
23631440
23632269
23632366
23639537
23639544
23639651
23643900
23659209
23659855
23664211
23664879
23668331
23672185
23673016
23684894
23685941
23688254
23688698
23692593
23706267
23707260
23707918
23710549
23718562
23719282
23719288
23726026
23726028
23731360
23737523
23751098
23755875
23757208
23768909
23768910
23770448
23775891
23786452
23786711
23790721
23791076
23791569
23791868
23792316
23792961
23796453
23796768
23807114
23810497
23810676
23815100
23819803
23820574
23829483
23829549
23844670
23849879
23851114
23853092
23859074
23860591
23865723
23876004
23886302
23886807
23891163
23897821
23899323
23916253
23916258
23916594
23919303
23927550
23927971
23930994
23938053
23941044
23947685
23947773
23960073
23964961
23973168
23974013
23988485
23993334
23994869
23999043
24004176
24012182
24012183
24012184
24015327
24025069
24028490
24035338
24035339
24036042
24044434
24044938
24050112
24051074
24054122
24054487
24055077
24063433
24071447
24071448
24072711
24074025
24074052
24074257
24077527
24079912
24083411
24083782
24095015
24095018
24095934
24099995
24102134
24107081
24108128
24113062
24114842
24116873
24119291
24119555
24131029
24131202
24135724
24140444
24144854
24153396
24157366
24160253
24161678
24164245
24164599
24171469
24184213
24211162
24211642
24224573
24224654
24237195
24238902
24239482
24246730
24256217
24256330
24261862
24262883
24269123
24290062
24296013
24316668
24316669
24320749
24320998
24321833
24328103
24328302
24330598
24332089
24340169
24345446
24345448
24345481
24351031
24359159
24360556
24365158
24373724
24379401
24387243
24387280
24387981
24388690
24389509
24398383
24405172
24405391
24411201
24411477
24412340
24418775
24440478
24447248
24450589
24456116
24457088
24457090
24457091
24466406
24484240
24487236
24503274
24530032
24531224
24534487
24556379
24559051
24561716
24588105
24589486
24592859
24592914
24602787
24602793
24607998
24607999
24625069
24632506
24636945
24641010
24644281
24648521
24649802
24649848
24656800
24656804
24657053
24666186
24668804
24675136
24675378
24675380
24679441
24684213
24685113
24685540
24685542
24692551
24694055
24694071
24694215
24702858
24704031
24707347
24735644
24737316
24742384
24746464
24754677
24755226
24766560
24767818
24767846
24767848
24775305
24793878
24794105
24794107
24794112
24801499
24805199
24813737
24813742
24814885
24821376
24831010
24831513
24835202
24836064
24846781
24847082
24847734
24856304
24867403
24878198
24880902
24881566
24883177
24889744
24900262
24900263
24900286
24900288
24900289
24900290
24900296
24900315
24900342
24900371
24900389
24900408
24900427
24900442
24900446
24900480
24900481
24900494
24900500
24900505
24900507
24900543
24900544
24900575
24900576
24900598
24900601
24900607
24900612
24900617
24900621
24900624
24900626
24900631
24900667
24900690
24900701
24900704
24900705
24900710
24900721
24900734
24900744
24900767
24900776
24900778
24900799
24900830
24900838
24900849
24904963
24909083
24914455
24914612
24915003
24921156
24927250
24928400
24930969
24934571
24936233
24937104
24944730
24944733
24944750
24946214
24953819
24953821
24959717
24960234
24972008
24973662
24974340
24983538
24986657
24992074
24992702
24992874
24997578
24997686
24999749
24999828
25006746
25016374
25019477
25019596
25036791
25042102
25045125
25050159
25050166
25050171
25050878
25052206
25061695
25065940
25075762
25082126
25086508
25086681
25086914
25089810
25096296
25113875
25127154
25127465
25131956
25144524
25146964
25147146
25147612
25150091
25159123
25164763
25167370
25176330
25180768
25182565
25182963
25192810
25198831
25218912
25221650
25221651
25221653
25221656
25221663
25225606
25226087
25229643
25233084
25238284
25238611
25240614
25249180
25250725
25254640
25262051
25264600
25265559
25266780
25271963
25272206
25275824
25280182
25282647
25286019
25286150
25293447
25299353
25300820
25310383
25311564
25313316
25313331
25313996
25314129
25346381
25358116
25363711
25365789
25375026
25375908
25379609
25379648
25383691
25384256
25389560
25408826
25408827
25408832
25408834
25412465
25419444
25431645
25437503
25437506
25437618
25438757
25438884
25441013
25442305
25452003
25453816
25453818
25454270
25454499
25455183
25455492
25455494
25456388
25457126
25458499
25461318
25462250
25462271
25467164
25468037
25481394
25489882
25490054
25496041
25497216
25499431
25499929
25506816
25513712
25515955
25515957
25516783
25516789
25516791
25522204
25541201
25542588
25542589
25555141
25555733
25559428
25563890
25565255
25571794
25580204
25581511
25582598
25585008
25589933
25589934
25596757
25597334
25602368
25610955
25613679
25627172
25630223
25635706
25639862
25642985
25648685
25666819
25668341
25682203
25686153
25701250
25703307
25707011
25716005
25723005
25725607
25725609
25732770
25738750
25746232
25746740
25746814
25751283
25754490
25763473
25768700
25769015
25782742
25787859
25791674
25797804
25799264
25800114
25801150
25805446
25815139
25815150
25815154
25815157
25819096
25819333
25827398
25827526
25828863
25840796
25842365
25857942
25862210
25864869
25868746
25871734
25874326
25874337
25881822
25881829
25882520
25884115
25890801
25891106
25894999
25900219
25901531
25905694
25906087
25907370
25908517
25911301
25921264
25921265
25921268
25922182
25927664
25934226
25934229
25935641
25937013
25937878
25953722
25958245
25961960
25970480
25971769
25974739
25978520
25978964
25978966
25980909
25982074
25984841
25988399
25993269
26002335
26005537
26005541
26005542
26005563
26009163
26014480
26025875
26030312
26032047
26054247
26071371
26077498
26078010
26078011
26081289
26083237
26086931
26087027
26087938
26090771
26096678
26098163
26099993
26101564
26101574
26112446
26114812
26115576
26119500
26122211
26122774
26123174
26125514
26132413
26140961
26144347
26145818
26151319
26163883
26177091
26183543
26188907
26190460
26190462
26191361
26191399
26192023
26200446
26200813
26200936
26204509
26210160
26211459
26218629
26220519
26222195
26231082
26231158
26233801
26242241
26247308
26248802
26252962
26263024
26264503
26275680
26280490
26287310
26288689
26288694
26296913
26299350
26301554
26310895
26313429
26314925
26316467
26318056
26318999
26322379
26331194
26331334
26331986
26335039
26340601
26344596
26348881
26352677
26358009
26358162
26361824
26363506
26365710
26367391
26371436
26372074
26372651
26376355
26378740
26384288
26385446
26386821
26396691
26421993
26425784
26426481
26426933
26428872
26432037
26432608
26433449
26443078
26447940
26453409
26455654
26460788
26462052
26462055
26466164
26469301
26469743
26471320
26474665
26475519
26481659
26486225
26487915
26487916
26487917
26488902
26496175
26500720
26505788
26507430
26509551
26512410
26520661
26522948
26522950
26522952
26540564
26549870
26551342
26555243
26561003
26564401
26565666
26572217
26575458
26588190
26588603
26592528
26595749
26597536
26598462
26602279
26611919
26611920
26613635
26619267
26629860
26632651
26632965
26633734
26639764
26640968
26642377
26643218
26652717
26653033
26653328
26653735
26654202
26681404
26681511
26684482
26684851
26696402
26701186
26702542
26704594
26705137
26706173
26706174
26709102
26710088
26712094
26717204
26719209
26727270
26733475
26736071
26741358
26745766
26751273
26755394
26756222
26757340
26771861
26774924
26783181
26785295
26789491
26789933
26794040
26799988
26804230
26804233
26804741
26807541
26814680
26819000
26819673
26819675
26820555
26821818
26824643
26838810
26840365
26848108
26850005
26864917
26866968
26871660
26871940
26874402
26874743
26881908
26890114
26890116
26895657
26896705
26896709
26898334
26908025
26914744
26917219
26919761
26937828
26938474
26944615
26945113
26962429
26962430
26964672
26965867
26967980
26970659
26970660
26974384
26978477
26982234
26985286
26985294
26985300
26985302
26985304
26985310
26985313
26985318
26985320
26985325
26993745
26994845
26995531
27009905
27010345
27010500
27018888
27020302
27020523
27021004
27021426
27031215
27032332
27038494
27043269
27045975
27046190
27055938
27055940
27060764
27061983
27064299
27067148
27072910
27078757
27079124
27080185
27085674
27095056
27096055
27100031
27100032
27105029
27110680
27112450
27112452
27117261
27117428
27117691
27120257
27128184
27128528
27130358
27135371
27136719
27140429
27142751
27143131
27149641
27153347
27155469
27155900
27158141
27161804
27161875
27166573
27167096
27167172
27167608
27172319
27178385
27186676
27187866
27187871
27190592
27190593
27190595
27190600
27190601
27191615
27194201
27211244
27214508
27216999
27227314
27232526
27238841
27240275
27240464
27244485
27246857
27256911
27259031
27264434
27265259
27267005
27267007
27282741
27287367
27288180
27295337
27295485
27311892
27314305
27317634
27318120
27318981
27318982
27318985
27326323
27326335
27326338
27336199
27344487
27347692
27347731
27353344
27353888
27355974
27362750
27362876
27377864
27379713
27385654
27389367
27390066
27391135
27391254
27391855
27394666
27396490
27396685
27396732
27406795
27426299
27426304
27427902
27428767
27434226
27437075
27437077
27437079
27437828
27438064
27446528
27450574
27454931
27455395
27458733
27460171
27460668
27464307
27469130
27474919
27475109
27475533
27475537
27476144
27486833
27487569
27490022
27491710
27498895
27503683
27504669
27515320
27517808
27526040
27528113
27530289
27531604
27541007
27541357
27543496
27543882
27544588
27552286
27559828
27560281
27563402
27563403
27563406
27564135
27565954
27567077
27571038
27575476
27576294
27578245
27583770
27592392
27597245
27597246
27597412
27598312
27603793
27606546
27606717
27614919
27620969
27624076
27624521
27643641
27647367
27651294
27658793
27660691
27660692
27662218
27665180
27666135
27667561
27668758
27669120
27669815
27670099
27676469
27685665
27687672
27687674
27687971
27689732
27690432
27692546
27692996
27717544
27718573
27720295
27720326
27721153
27723749
27727125
27727127
27731639
27744182
27744252
27748579
27750148
27750150
27754681
27754693
27765408
27766867
27769033
27769034
27769671
27774128
27774131
27774134
27775713
27777011
27779399
27780639
27809504
27810243
27810440
27815116
27818110
27825552
27825762
27842891
27847272
27855360
27863747
27865703
27876467
27881238
27886544
27888721
27889629
27914947
27915169
27915171
27923535
27933810
27933897
27933945
27933951
27933965
27943581
27951485
27951488
27959508
27959531
27966948
27976897
27977181
27977195
27977197
27982494
27982588
27989417
27989666
27990801
27992221
27994734
27994740
27996256
27996267
28002956
28002961
28006918
28011206
28011425
28026162
28026946
28027531
28038324
28042046
28043778
28045547
28051300
28057407
28061347
28062195
28064079
28074653
28082037
28082069
28085281
28098449
28099811
28105268
28105280
28105284
28105287
28107736
28108249
28109947
28112925
28117205
28117588
28122186
28122456
28122457
28126517
28128562
28128944
28131710
28134508
28135086
28151653
28157283
28157311
28161249
28163017
28165241
28165742
28165743
28181373
28181383
28182408
28182990
28186725
28190653
28191850
28196602
28197303
28212015
28215783
28216401
28219045
28222243
28222316
28230981
28230985
28236510
28237559
28237763
28241112
28244987
28246042
28252959
28259626
28259840
28262558
28267984
28274629
28274635
28274673
28279529
28279849
28283242
28284805
28284861
28287264
28288320
28301816
28306255
28318942
28320616
28323406
28328206
28336407
28337319
28337326
28337332
28340413
28340988
28342692
28343940
28347665
28355078
28359674
28368585
28368606
28371677
28372909
28379698
28390942
28391133
28395140
28395150
28398755
28400237
28406627
28407565
28408220
28408226
28408229
28415009
28416100
28419930
28421763
28427814
28431339
28431342
28434782
28435523
28435530
28441502
28452477
28453994
28456030
28458135
28458137
28463515
28463783
28465104
28471656
28471663
28475316
28475330
28478180
28478343
28481502
28482155
28483455
28487125
28493701
28501514
28505447
28505537
28511906
28523102
28526475
28527406
28530802
28532668
28535350
28537720
28539221
28541690
28549891
28558206
28559060
28564542
28574690
28581289
28594170
28601508
28601509
28603987
28606760
28606761
28613895
28615111
28621538
28621941
28626524
28626528
28629630
28634039
28636353
28651225
28653849
28662813
28673732
28675836
28676269
28686912
28688274
28688277
28692289
28692917
28696697
28698053
28698054
28704049
28711350
28719185
28720327
28728104
28728898
28731719
28734581
28738306
28739044
28739157
28740604
28740608
28743508
28749667
28751199
28753307
28754363
28756264
28759231
28759879
28763614
28765013
28768102
28771355
28771357
28784294
28795803
28797798
28797881
28797883
28800458
28801135
28802120
28803043
28803047
28807572
28810189
28810191
28818449
28818461
28818462
28818767
28820254
28822281
28827110
28835783
28835796
28836754
28838696
28841513
28844493
28845983
28850227
28851503
28858511
28858765
28858767
28882483
28885834
28892605
28893598
28902994
28918096
28918098
28923385
28929759
28938069
28942113
28943042
28947151
28947938
28947946
28947948
28953386
28958625
28958848
28976752
28977749
28984452
28985999
28986114
28987602
28987611
28988627
29016119
29019677
29029933
29031066
29033232
29033233
29035537
29039662
29054358
29057046
29057049
29057059
29057060
29066136
29079473
29087712
29088532
29089257
29089260
29091425
29100797
29100798
29100801
29102179
29102227
29102463
29103972
29107426
29107427
29110989
29111368
29112434
29120624
29120638
29126721
29126727
29133043
29133060
29137864
29137867
29138024
29141777
29148769
29150330
29150334
29150335
29150397
29150398
29152048
29153628
29153737
29155568
29156136
29157864
29162308
29166018
29170024
29172081
29178785
29190092
29191554
29191557
29198865
29198893
29202397
29203142
29207339
29220788
29223096
29240420
29242020
29247860
29248751
29253340
29254643
29256599
29259735
29259737
29259741
29259748
29259756
29266937
29268019
29271657
29272110
29272749
29272750
29274493
29275228
29275231
29283260
29287249
29289880
29289886
29290109
29290542
29291935
29292224
29292229
29304284
29309142
29317148
29317150
29320176
29326018
29328649
29328660
29329658
29331452
29335210
29336873
29338909
29339252
29339253
29345930
29348805
29348807
29348808
29348809
29350534
29353724
29360358
29366647
29366648
29370702
29373269
29375750
29378414
29397718
29397723
29398442
29402611
29407591
29407943
29407952
29407956
29407960
29407968
29407974
29407987
29407994
29409707
29425031
29433927
29433930
29446948
29446949
29453135
29456106
29456793
29456795
29456796
29456800
29456802
29456804
29459206
29459207
29459279
29463448
29472125
29475581
29477073
29477077
29477889
29494161
29496367
29498843
29499113
29499483
29500130
29500131
29500132
29501946
29503024
29505715
29505935
29517911
29519604
29524731
29529503
29530347
29533873
29533874
29534929
29541353
29541364
29543451
29545102
29545103
29547272
29549836
29549837
29549841
29550093
29550094
29553733
29555419
29567459
29574204
29589441
29589443
29590750
29590751
29602039
29609119
29609120
29609908
29614224
29626798
29627262
29630364
29635167
29648817
29648825
29649738
29649742
29650287
29655084
29655609
29656989
29664627
29670686
29670690
29670692
29670693
29678535
29681484
29683659
29685684
29691139
29694039
29701962
29705142
29705377
29705709
29706525
29722529
29723786
29724589
29727184
29727185
29729985
29731362
29738953
29741894
29748050
29748053
29751237
29759726
29762033
29763303
29763806
29764757
29767973
29773502
29773504
29775064
29775936
29776742
29782167
29787262
29789207
29792714
29795752
29795754
29795757
29795765
29798827
29803731
29803996
29809004
29812929
29843102
29847930
29851474
29852070
29853330
29853341
29856623
29857276
29859505
29870668
29873484
29878767
29884582
29903413
29908437
29910080
29921475
29934218
29935771
29937983
29939028
29939744
29940115
29944370
29945795
29953808
29954683
29957526
29958762
29965752
29966094
29969030
29969260
29970308
29972644
29975529
29983281
29995405
29999316
30004697
30004704
30010338
30011199
30015488
30016860
30025348
30025900
30029081
30031978
30034582
30034595
30034599
30034605
30034612
30037754
30041948
30045621
30048589
30049585
30052039
30053783
30055463
30067360
30076000
30077611
30078609
30092367
30093347
30096650
30097367
30098867
30106292
30113844
30114661
30115492
30118224
30122227
30128072
30128080
30130401
30146095
30153006
30165342
30165344
30176215
30193215
30196060
30199637
30199703
30212625
30215258
30216063
30234300
30243151
30243158
30245394
30245401
30245402
30247901
30247903
30249495
30251836
30258535
30265557
30265809
30266543
30268822
30270003
30274941
30279044
30295487
30297120
30300845
30309671
30318436
30336023
30337231
30340140
30340141
30342958
30343953
30344002
30344910
30347148
30347159
30347323
30350962
30354105
30354121
30360953
30365311
30365885
30365892
30366254
30366255
30372620
30373366
30384046
30385225
30385227
30388007
30390439
30390441
30391816
30392954
30395713
30396105
30404719
30409535
30409702
30413349
30429099
30429100
30442506
30446439
30448188
30448189
30448414
30448416
30448419
30452262
30455147
30455149
30455150
30457869
30463802
30466896
30469042
30470598
30472603
30472604
30473362
30476825
30481027
30503633
30503945
30507122
30522087
30522899
30522951
30522956
30525585
30525586
30525590
30528164
30528696
30529634
30530190
30530192
30537832
30540463
30543423
30552007
30562026
30571119
30571121
30576901
30576902
30581047
30583248
30584838
30585173
30594677
30594678
30597327
30600148
30600149
30600998
30608678
30611617
30611983
30613333
30613334
30613337
30613338
30613343
30613344
30624919
30629434
30629441
30634084
30642693
30645113
30645117
30653918
30655948
30655950
30655952
30655958
30657666
30665142
30686752
30688452
30688456
30688459
30688462
30689946
30690406
30691925
30694059
30704835
30708257
30709653
30711310
30720278
30721053
30721060
30728111
30732944
30735370
30735902
30739825
30743095
30744931
30759340
30776691
30776692
30779566
30780087
30783490
30783492
30783498
30785748
30792039
30795991
30802729
30802730
30808606
30816712
30819620
30822713
30826509
30830783
30833108
30833109
30833158
30844273
30846252
30846405
30850265
30850266
30851694
30853331
30856324
30858025
30869888
30871861
30878828
30879863
30883119
30884327
30885568
30888159
30888810
30889352
30891130
30891145
30892891
30893553
30896946
30901208
30901597
30904782
30910459
30910460
30920216
30921693
30925056
30925062
30926311
30926315
30929436
30939349
30939353
30940566
30943028
30943030
30947123
30952594
30954331
30954428
30964987
30973727
30977659
30978562
30981576
30996779
30996781
30996782
30996783
30996792
30996808
30996816
30998359
31003060
31005056
31005442
31005445
31013090
31015103
31017416
31021626
31022584
31031055
31038949
31038950
31050421
31053508
31055149
31062592
31062983
31071548
31074269
31074988
31075609
31077996
31077998
31079449
31082230
31082234
31096156
31098002
31103445
31103899
31103900
31103902
31103904
31104785
31117516
31120744
31121430
31128447
31129450
31132532
31136173
31138471
31144814
31151057
31153806
31158747
31158752
31160176
31176096
31176571
31176698
31177073
31181405
31185168
31187989
31195169
31196755
31199148
31208797
31212132
31221555
31223435
31223439
31223443
31223445
31223456
31226656
31228810
31229420
31229875
31235266
31248772
31251594
31255926
31259550
31260301
31265934
31269398
31271281
31272794
31276897
31276900
31279292
31281021
31281023
31284086
31288149
31291098
31294974
31299586
31301566
31301567
31306009
31306905
31306906
31307888
31310916
31311734
31312413
31314518
31317731
31318208
31320211
31324565
31325784
31326599
31327531
31331653
31344613
31351394
31351847
31358465
31358468
31365252
31369707
31375290
31376564
31381331
31383629
31385511
31386363
31389695
31400709
31400937
31400938
31401008
31401465
31404860
31404862
31411468
31413795
31413801
31413809
31413811
31414801
31415176
31416666
31416738
31420255
31420256
31420257
31421633
31421966
31423787
31430155
31431326
31434040
31436984
31442684
31444085
31445854
31454231
31483660
31487175
31488357
31493744
31494468
31494471
31496251
31499359
31499361
31505452
31520926
31521028
31531194
31531195
31531206
31531207
31536340
31536891
31536895
31537422
31537424
31539239
31541869
31542713
31549836
31549838
31561044
31561937
31561938
31563013
31581002
31589440
31609608
31618024
31620236
31620238
31620239
31625751
31627059
31627991
31629610
31630054
31633354
31638805
31655430
31658420
31678006
31679971
31682427
31693351
31693857
31699606
31703817
31708183
31710483
31711716
31714776
31714780
31721572
31721581
31724854
31724859
31727469
31729878
31732252
31732253
31732257
31732281
31735575
31740200
31742400
31744777
31746599
31747282
31749904
31749906
31749907
31757526
31757667
31759728
31761726
31762274
31769670
31780081
31780082
31784187
31789518
31790581
31791817
31793776
31799843
31801019
31806537
31806538
31809044
31810783
31810784
31812033
31818629
31820982
31830635
31831297
31833761
31835169
31838329
31841350
31851518
31855601
31855793
31857832
31857835
31857839
31857844
31862412
31864778
31865013
31870649
31874775
31881454
31883490
31913033
31917923
31918952
31924504
31928006
31938457
31938461
31940200
31944697
31945644
31948845
31955578
31977209
31987694
31990537
31990540
31991336
31999451
31999923
32008883
32011145
32018096
32030976
32031378
32031798
32044230
32051094
32058238
32061484
32061959
32063432
32066009
32067866
32071674
32071686
32071687
32083868
32085971
32088128
32089390
32092586
32097010
32105979
32109056
32109778
32113843
32114360
32120325
32122737
32122739
32125159
32134652
32141297
32146060
32146376
32150413
32151834
32151835
32163813
32163814
32171161
32176488
32184960
32184965
32189500
32197813
32202425
32203787
32205045
32205046
32208223
32212730
32216347
32222339
32222663
32224379
32227886
32229389
32233403
32234278
32247729
32247733
32248693
32255344
32267687
32273215
32273218
32283297
32286062
32292555
32292558
32292563
32297742
32298582
32299731
32302140
32307259
32314924
32315177
32320239
32321249
32321856
32325365
32329617
32334914
32336669
32337993
32339855
32340447
32340793
32345019
32345458
32347094
32352776
32354570
32361064
32362385
32364726
32364733
32366720
32367723
32371333
32379447
32380361
32383881
32388280
32391701
32407089
32420736
32429662
32435375
32435378
32435388
32435413
32435414
32435424
32437146
32447197
32459966
32460492
32462873
32463235
32470298
32479084
32482069
32482533
32485533
32490678
32497960
32502336
32502864
32503694
32511913
32511917
32511922
32515951
32525674
32527459
32527545
32527554
32535330
32539378
32539387
32551007
32551008
32551022
32551603
32551649
32573250
32575985
32584034
32605369
32605372
32608981
32616179
32629335
32631504
32631566
32631567
32631571
32634629
32652406
32653696
32667814
32668381
32676146
32676150
32676156
32676157
32679449
32686940
32688198
32688201
32689795
32690262
32692166
32696648
32706255
32717483
32731087
32736211
32736212
32738410
32738411
32738976
32763463
32763808
32768649
32768738
32781219
32784089
32786507
32786885
32787085
32787102
32787107
32787109
32787142
32791401
32795767
32803196
32803970
32805118
32815361
32815366
32823005
32827875
32828429
32832022
32858418
32865176
32866001
32870008
32871344
32877803
32880179
32880457
32882609
32886509
32890686
32902275
32907324
32910655
32910656
32916298
32920430
32931269
32931274
32931912
32940040
32942081
32944141
32944144
32944146
32946228
32949920
32949963
32951423
32955874
32956781
32961382
32961435
32969660
32971410
32971411
32987315
32992245
32992249
32998509
33001648
33002682
33007551
33007602
33007663
33011288
33021789
33023291
33032085
33032188
33032189
33035922
33035923
33038787
33039723
33044073
33045661
33059303
33062169
33062180
33071054
33071056
33077263
33077264
33077265
33078933
33089691
33097301
33108181
33118821
33124429
33129590
33132117
33135887
33136399
33137375
33139110
33143937
33148490
33152379
33158576
33160025
33160146
33160760
33185101
33186044
33191083
33197187
33199153
33199154
33209191
33210531
33210922
33214038
33214817
33214829
33214839
33214841
33214847
33215494
33216547
33218895
33223460
33226806
33229136
33243531
33246256
33248848
33252239
33254069
33264017
33271453
33280384
33283984
33303237
33306391
33310289
33310290
33320645
33328099
33329764
33333396
33333445
33335646
33335667
33335670
33335676
33341501
33346659
33352046
33356246
33356247
33356256
33356266
33359604
33360560
33360799
33360801
33378197
33383258
33395289
33404239
33412421
33417443
33422982
33440320
33445154
33449689
33454462
33454547
33479612
33479618
33479629
33479630
33479634
33479642
33479643
33479649
33479691
33479695
33479697
33479699
33486199
33486200
33488954
33488961
33488962
33492963
33493825
33523672
33524686
33528252
33533632
33540228
33540354
33550184
33560845
33569941
33570940
33571650
33581552
33581557
33582386
33588178
33592148
33593051
33595306
33596380
33596384
33600175
33603963
33603968
33603971
33609661
33611192
33616410
33619958
33620196
33626870
33631934
33636537
33639344
33640707
33650861
33661013
33662757
33666419
33667847
33668008
33677352
33684824
33685790
33705126
33719441
33724808
33730624
33732412
33738065
33738066
33738067
33738076
33738077
33744687
33744690
33751980
33755451
33756126
33765386
33766767
33769811
33771585
33783220
33787273
33799069
33822624
33830764
33831560
33831778
33839248
33844532
33845233
33848698
33851529
33854701
33859790
33859801
33865971
33872958
33873056
33887438
33887439
33892270
33892272
33894528
33900772
33901900
33914534
33933754
33934008
33939407
33939425
33940466
33945278
33945681
33945992
33949859
33955740
33957387
33964444
33965840
33965842
33971487
33991733
33992862
33992929
33992931
34000484
34008967
34023664
34029774
34034128
34038132
34043359
34046609
34055208
34055223
34055234
34056898
34080424
34082224
34087498
34091208
34095840
34097831
34100599
34101446
34110812
34111829
34116327
34116381
34118723
34119832
34126285
34141076
34141080
34141082
34141088
34146913
34153471
34153576
34160227
34174740
34181850
34185525
34213345
34218083
34218085
34223160
34225167
34225179
34228444
34236862
34237622
34245948
34251197
34255509
34262643
34267881
34267885
34274550
34279934
34286973
34288674
34298282
34303869
34309393
34332037
34332399
34332400
34340303
34364162
34364221
34364222
34364223
34365129
34371463
34378914
34382802
34384024
34387088
34392190
34399391
34413947
34414360
34418785
34426525
34428039
34428714
34432979
34438126
34450494
34450497
34455777
34459598
34461505
34461507
34469137
34479036
34479038
34482229
34494428
34496571
34500130
34515477
34516107
34517222
34527178
34527181
34530384
34531950
34536669
34543755
34543844
34546748
34547896
34553934
34555281
34569803
34571173
34582215
34583311
34591474
34592434
34600241
34601454
34605238
34610548
34624191
34634618
34643390
34647738
34648286
34648295
34652145
34656899
34661404
34662125
34665619
34671737
34676029
34676033
34676043
34699203
34700238
34705450
34710745
34723530
34726055
34730959
34731760
34735766
34742013
34742015
34742016
34743062
34749202
34752952
34767347
34767912
34772529
34775332
34778771
34792334
34794001
34795850
34795851
34795856
34795871
34801828
34809430
34812616
34815130
34818007
34818014
34823899
34826681
34838650
34847495
34855405
34871841
34875522
34894691
34898192
34902246
34902735
34906671
34910486
34915314
34917251
34917261
34928151
34939412
34939789
34942071
34954594
34992037
34995690
34995925
34998055
34998903
35005973
35005974
35007725
35016115
35024612
35033884
35041998
35043615
35051747
35059124
35059126
35063633
35063731
35072486
35073089
35077161
35101649
35101650
35111280
35113556
35113565
35119267
35121401
35123179
35123298
35133171
35148101
35152694
35157464
35164509
35178166
35178177
35179893
35179904
35182816
35183029
35188371
35188390
35188771
35188773
35195417
35212533
35213158
35218994
35235745
35238576
35239336
35245051
35245662
35245830
35247754
35255412
35257581
35271262
35271276
35276362
35276424
35286926
35292343
35296453
35300078
35300081
35300088
35306288
35306814
35308021
35308030
35334448
35344983
35352927
35367706
35377638
35385806
35390714
35397399
35397400
35398739
35416651
35417155
35434626
35434628
35436671
35439688
35440138
35447031
35447344
35447434
35450363
35450366
35450371
35450375
35453036
35462163
35462166
35471830
35471939
35482677
35483322
35500202
35500474
35500475
35500521
35500728
35512565
35512566
35513222
35522977
35525212
35536179
35549211
35549259
35551034
35571875
35576701
35581674
35584603
35586419
35586431
35588495
35594649
35597008
35597010
35598411
35605363
35605837
35609303
35612311
35623134
35635949
35635952
35635953
35635955
35649164
35649291
35653695
35660250
35661848
35675756
35679690
35685617
35686954
35688005
35691175
35694689
35704802
35707145
35707155
35707157
35709506
35716588
35728509
35732082
35737472
35749986
35751979
35759679
35762533
35764034
35772321
35777073
35779291
35786895
35786929
35797147
35797899
35802779
35817293
35820351
35834905
35838529
35839689
35839690
35841828
35849941
35853430
35858523
35859860
35859864
35859868
35859876
35859883
35862732
35863237
35863275
35868003
35868126
35899912
35914250
35921615
35923722
35926141
35926326
35928858
35930402
35931005
35932566
35939763
35939992
35939996
35960538
35961070
35964428
35969157
35972998
35978687
35978698
35984914
35985254
35988449
36001935
36005476
36008373
36029560
36029562
36037788
36053318
36053746
36063115
36063653
36063664
36069713
36073117
36074125
36084304
36084491
36096342
36097406
36098485
36105324
36105325
36105338
36122348
36126059
36126323
36130662
36136092
36137271
36137276
36149939
36150180
36154033
36154055
36166643
36167010
36169610
36173339
36173886
36178213
36179486
36182802
36191548
36201248
36201615
36202063
36202189
36205223
36208870
36209967
36215859
36221183
36222708
36229406
36240547
36244185
36252396
36257066
36257284
36261130
36262388
36262394
36262395
36267127
36267132
36270112
36274272
36274273
36274274
36307034
36318154
36318728
36324498
36325396
36325399
36343429
36346645
36351184
36385935
36395680
36399875
36402081
36435016
36439976
36439981
36449385
36450011
36455355
36459756
36462436
36462440
36471625
36473103
36496202
36503229
36503248
36512711
36517209
36518696
36520541
36537915
36540942
36542836
36542958
36543033
36549112
36549114
36549397
36563407
36563498
36566714
36571278
36573286
36579489
36584238
36584305
36584630
36595440
36608458
36610250
36621139
36622852
36626645
36634151
36634346
36638710
36640458
36640459
36640928
36645952
36645983
36651644
36654474
36655126
36680987
36689364
36689894
36690041
36695774
36696764
36701569
36702052
36702053
36716583
36716641
36724486
36724631
36724632
36724635
36731248
36731273
36736154
36738797
36753881
36758304
36760739
36780426
36786607
36787658
36793428
36793429
36793430
36793436
36796299
36796300
36802665
36804747
36809706
36809707
36846369
36846371
36856685
36861650
36867428
36880830
36881982
36889653
36893624
36905966
36913900
36921526
36923922
36931117
36934335
36934526
36940611
36952395
36965227
36966652
36966976
36970145
36976921
36987571
36990246
36996328
36996716
36996717
37014989
37023679
37027002
37037138
37037141
37037787
37043996
37054562
37054758
37058970
37060754
37075624
37075625
37077400
37079895
37079967
37083418
37086699
37094433
37120995
37130343
37134182
37137430
37156182
37158732
37163948
37167712
37178483
37178666
37182612
37184921
37186543
37197453
37201428
37209450
37220641
37224601
37224762
37229831
37235865
37235998
37244162
37252098
37252099
37252102
37253305
37267066
37269670
37270903
37276138
37284689
37290182
37300915
37311373
37312856
37312860
37314161
37315474
37315697
37334504
37337963
37354726
37360393
37364511
37366223
37382926
37390510
37393791
37399505
37409679
37421373
37429084
37433017
37438908
37441735
37453330
37453616
37463038
37463500
37482020
37487305
37490786
37498552
37499118
37505188
37523719
37536209
37542989
37542993
37544185
37556731
37561993
37573829
37582195
37585683
37586181
37593577
37594952
37598484
37607440
37611334
37633203
37643500
37647598
37647727
37650225
37651268
37659195
37659198
37660352
37660465
37660484
37660833
37669040
37669428
37683572
37689216
37696000
37702400
37706660
37708641
37708798
37713804
37713805
37721854
37722288
37736172
37736190
37738708
37754066
37774359
37782298
37795958
37796543
37797307
37797564
37812885
37839070
37839346
37847303
37849540
37849556
37856864
37857145
37857466
37861435
37866711
37871406
37874947
37875056
37902787
37905925
37910439
37943013
37948640
37948955
37966047
37972434
37974944
37974952
37974955
37974956
37974965
37974966
37974969
37976806
37976808
37979441
37981443
37983615
37984216
37984298
37989057
37989059
37989278
37991191
37992521
37995564
38000482
38015154
38043489
38043490
38043492
38048696
38056379
38060985
38061229
38086189
38088921
38090813
38091892
38092421
38101038
38107177
38113354
38116418
38116436
38142511
38150964
38164076
38170998
38171148
38171252
38183777
38185056
38185057
38214909
38214982
38219887
38232463
38236416
38237257
38244254
38252624
38253001
38262120
38265364
38266553
38266789
38267212
38278079
38281455
38283223
38287228
38294341
38294854
38294952
38301029
38308950
38325006
38325398
38329974
38335279
38340642
38349664
38352832
38352845
38355061
38367494
38368711
38381886
38382390
38387692
38389894
38401457
38423371
38427954
38452725
38452727
38456618
38460270
38462716
38470246
38476002
38477582
38477709
38482846
38484678
38490063
38493730
38503167
38505838
38516587
38516605
38518734
38518735
38525852
38537009
38546708
38547734
38552597
38574638
38580317
38582047
38604096
38608245
38620134
38621327
38628785
38628788
38628789
38628795
38630165
38631541
38636481
38651495
38653068
38656144
38663283
38665832
38665839
38670538
38691889
38692523
38701712
38711345
38713163
38718626
38723203
38733884
38746878
38746894
38753594
38761789
38768084
38772136
38776567
38776806
38781491
38782404
38784456
38809993
38817193
38820854
38838548
38845361
38847803
38852337
38857566
38885550
38888140
38889606
38894901
38894905
38894911
38894921
38896992
38897928
38901105
38905805
38906067
38906068
38925013
38941887
38961616
38961727
38964259
38996652
39002183
39004019
39004050
39015266
39018924
39028865
39047608
39051153
39051854
39053191
39053193
39066713
39067437
39067439
39068863
39078366
39079310
39080842
39089001
39089850
39092855
39101748
39102360
39106658
39109492
39110625
39110628
39121336
39129245
39133975
39140061
39145486
39146284
39149102
39149109
39161321
39172943
39178382
39178726
39196854
39208744
39216381
39221504
39235978
39250434
39253767
39256214
39264152
39291021
39303516
