10956205
11300870
11975483
11985463
14718605
15294002
15317466
15801821
15857113
15878659
15950190
16078830
16107136
16107141
16203144
16275080
16412632
16458003
16723229
16821780
16821787
16827559
16884310
17000102
17034121
17149864
17157013
17184135
17210252
17276681
17289381
17531482
17535916
17574417
17574849
17588748
17601734
17606376
17630989
17665897
17685503
17696416
17696512
17761418
17804234
17855091
17889534
17961830
17985862
18023345
18054488
18162398
18234496
18242982
18243692
18261904
18271520
18282708
18289851
18314330
18321037
18334299
18417344
18821746
18974001
19013073
19162488
19167885
19193159
19233643
19264481
19323567
19345096
19364118
19394228
19410460
19410464
19447035
19457659
19457666
19464175
19464885
19477652
19586769
19604696
19625187
19631530
19674896
19678708
19683443
19692239
19717304
19757823
19773165
19775891
19783435
19788238
19788239
19800230
19822424
19914831
19928766
19954984
19959359
19968289
20041668
20045648
20050669
20060294
20063996
20116265
20155918
20158243
20167482
20172725
20181479
20188543
20202842
20223661
20346656
20363128
20378363
20381362
20438064
20462757
20541424
20580234
20591669
20594847
20598535
20620066
20620068
20638278
20673728
20709552
20716489
20850315
20857914
20860370
20864339
20880704
20933419
20934345
20943389
20958050
21105727
21241056
21256005
21306129
21334206
21376587
21452857
21470860
21489793
21495671
21511472
21568322
21570287
21621412
21621998
21641209
21696951
21707077
21719282
21733691
21741250
21752655
21783362
21798738
21803585
21807510
21813275
21835615
21882820
21890356
21958544
21982495
21999461
22018790
22044119
22071301
22082667
22137598
22165820
22169265
22178553
22204908
22209418
22243648
22272748
22306123
22316554
22325942
22329602
22339342
22342144
22361133
22364743
22381116
22390835
22460025
22468639
22468684
22500954
22533818
22534184
22536944
22542019
22548365
22548439
22560469
22563729
22579487
22594690
22608393
22608961
22651823
22708897
22726930
22727644
22738638
22749643
22795331
22882897
22884354
22891645
22910038
22928914
22946614
22959247
22984902
23023261
23041347
23062551
23088644
23149228
23181168
23199076
23231076
23253074
23275831
23301703
23340139
23350811
23394144
23412139
23414838
23425156
23453070
23466235
23473235
23474389
23480856
23484537
23521020
23537249
23545109
23550937
23647823
23652221
23656296
23668441
23769639
23792318
23810677
23816044
23829549
23834438
23839942
23935099
23952265
24053674
24113238
24124898
24125888
24128815
24290062
24316352
24316668
24321345
24332657
24360554
24360826
24388993
24397738
24405707
24432870
24480359
24512187
24568372
24588073
24607591
24685540
24685544
24704031
24749861
24754677
24763262
24831826
24835984
24858546
24867403
24881566
24900324
24900366
24900387
24900393
24900396
24900449
24900463
24900526
24900569
24900774
24900785
24900813
24900843
24944747
24984937
25043312
25062128
25062388
25079952
25088549
25155387
25156906
25255039
25282649
25305688
25313327
25365140
25369367
25411915
25455483
25456385
25499883
25540906
25587934
25589918
25589921
25589935
25699151
25701252
25723005
25763473
25782742
25818461
25838144
25884115
25893037
25950914
25996309
26003339
26003344
26005530
26030457
26048789
26048806
26083478
26101568
26102506
26185005
26191367
26195136
26204510
26230603
26233795
26252962
26277758
26318998
26344591
26378740
26431428
26492514
26516782
26522088
26572217
26597534
26608551
26614409
26617966
26632651
26670264
26696252
26708109
26713112
26730808
26731490
26753813
26800309
26814576
26819660
26848109
26852363
26878262
26937601
26950400
26985314
26988306
27015369
27080181
27086121
27096040
27102162
27123901
27145071
27155899
27167326
27191615
27210433
27219676
27268696
27291165
27326329
27346791
27379978
27390064
27391135
27517808
27524313
27542308
27543389
27544588
27559936
27563406
27589335
27652492
27816517
27871037
27914800
27966954
27966961
27994757
27996259
27996267
28038943
28056160
28112925
28122457
28151653
28161249
28195723
28252961
28274635
28291340
28337325
28375629
28426996
28462837
28506751
28521156
28523108
28537720
28551100
28554091
28558971
28576634
28586211
28587871
28601508
28624701
28653849
28688273
28711352
28714692
28728105
28749667
28865281
28927803
28929759
28947947
28953404
29094937
29107423
29220793
29259742
29288071
29406702
29442501
29456803
29499108
29529501
29544147
29631132
29636223
29650290
29650293
29670687
29741891
29758518
29764741
29779977
29809004
29866517
29939744
30010338
30017317
30034610
30055466
30064119
30075624
30106292
30144697
30181028
30195237
30196059
30207465
30245401
30295477
30529637
30580917
30587447
30655936
30655937
30661740
30683722
30702885
30707023
30707578
30709653
30771601
30779566
30784883
30833158
30888810
30910460
30964669
30996784
31014912
31062983
31077996
31078412
31103902
31128990
31176700
31223457
31226656
31244114
31244141
31251063
31260299
31266686
31268316
31276900
31285097
31294974
31310125
31352246
31360115
31386368
31404862
31413794
31420255
31425906
31488358
31549836
31550151
31561043
31577440
31589043
31609613
31617361
31647655
31675224
31676224
31711785
31727451
31734023
31757666
31771827
31786008
31804823
31812794
31881455
31913032
31931338
31948845
31952964
31982240
32003560
32003991
32023060
32039601
32057582
32120325
32120339
32184973
32198291
32272481
32356658
32361329
32435411
32446036
32470298
32491863
32502343
32527542
32539387
32551001
32551018
32605372
32639734
32672965
32686936
32690263
32693295
32698100
32702585
32717481
32738989
32747425
32828426
32829163
32870008
32886509
32912429
32916044
32935104
33007552
33007563
33032085
33054196
33065431
33077263
33107733
33135887
33186044
33191083
33214835
33272782
33335658
33335661
33352046
33399453
33429247
33449689
33479656
33486200
33488967
33528252
33539089
33550801
33602867
33662757
33719429
33719441
33730624
33738052
33738072
33745280
33769048
33838585
33839252
33844524
33851839
33862517
33872011
33891389
33906049
33933756
34000484
34034149
34080862
34081466
34100599
34100601
34111829
34118722
34143631
34153839
34213885
34242027
34245949
34264059
34267882
34269576
34303081
34314938
34315043
34340303
34347470
34408808
34413962
34418570
34423975
34488024
34499493
34509861
34516107
34536672
34553934
34553947
34592636
34648711
34662748
34668694
34670167
34700269
34704436
34734694
34742013
34742016
34776280
34778773
34780700
34818007
34839996
34860011
34883292
34889100
34928151
34928601
34957834
35051750
35059126
35084181
35108011
35114084
35114541
35119278
35182772
35247754
35271262
35278855
35279611
35306167
35307569
35308030
35325634
35398739
35426680
35427739
35429911
35434628
35436748
35450355
35483138
35486994
35504513
35635946
35638577
35688005
35696642
35707142
35709506
35731933
35760254
35763424
35777073
35797899
35839690
35849914
35860875
35863275
35880853
35899912
35914651
35939295
35961071
35971455
35978678
36007469
36030002
36044812
36049273
36063664
36073068
36095992
36098617
36105344
36105347
36107752
36126059
36126323
36137276
36154055
36155354
36169610
36179320
36216349
36250680
36265268
36278929
36308779
36332548
36350721
36355693
36385924
36410169
36416208
36475694
36481598
36503229
36503248
36516003
36538993
36545435
36549112
36562986
36603506
36645983
36651644
36696766
36702052
36728508
36734825
36758304
36760740
36762554
36796300
36808996
36821822
36905915
36905917
36924668
36924946
36940470
36987571
37043904
37043996
37079895
37080108
37120996
37141705
37167779
37187077
37191268
37201427
37226670
37229831
37244161
37244162
37252103
37253309
37257024
37257212
37262349
37279162
37352577
37364511
37395055
37437852
37453330
37482021
37505188
37517202
37535706
37542987
37578463
37594952
37595260
37598484
37659195
37659218
37676745
37676858
37708796
37736189
37756225
37783102
37795600
37813065
37837674
37849551
37849557
37849558
37856864
37857356
37859715
37866713
37874155
37874947
37913851
37931521
37943932
37944387
37944867
37972434
37974949
37974953
37981443
37982494
37992202
38020070
38048696
38061229
38065031
38099057
38141285
38164076
38169272
38170998
38179950
38181380
38197367
38207096
38214254
38215587
38232463
38242331
38262120
38278079
38295686
38310976
38335815
38342391
38348661
38348819
38432056
38452728
38490063
38503166
38508325
38592023
38663285
38687966
38701714
38711345
38728867
38735150
38746892
38748820
38762916
38885173
38894907
38911172
38925524
38941718
38953866
38955347
38959730
38967785
39038276
39068863
39072488
39140066
39149096
39178382
39185935
