7783136
10229636
10602690
10649968
10782696
10888329
11689089
15139761
15454221
15456245
15634025
15743186
16005225
16246561
16263283
16563764
16621546
16762549
16789729
17498953
17933541
17964154
17964783
18068363
18248991
18448340
18537234
18554904
18606542
18665582
18752948
19332374
19464172
19477133
19581086
19635669
19879767
19914063
19919895
19932964
19954978
20015647
20015649
20031406
20031410
20153186
20207141
20446681
20692836
20724150
21062081
21074426
21185183
21232953
21744827
22079756
22357342
22405291
22468757
22487179
23237836
24365162
24900864
25699136
25815155
26023814
26393276
26509640
26810316
26985316
27133596
29229226
31596583
32173198
32673481
32698110
32832018
33094613
34731765
35255683
35462165
36179400
