1588552
7699705
7932531
8064795
8164260
8171040
8360874
8642558
8642565
8759643
8765511
8765512
8894098
9216835
9258358
9341913
9371233
9371244
10230610
10346931
10465549
10476884
10522707
10658583
10737742
11720861
12852968
12852969
12941330
12951118
14592500
15006379
15202489
15324882
15566290
16203148
16220979
16279787
16298527
16530804
16570918
16821792
16884309
16931332
17120228
17477519
18637666
18672868
18710209
18947997
18952425
18954039
19042128
19097798
19144641
19232787
19325524
19338303
19339186
19408950
19473839
19492852
19528275
19596199
19653647
19703771
19719242
19791805
19813754
20000679
20005725
20055453
20153655
20155918
20167484
20304659
20451397
21055929
21116458
21123165
21149541
21323313
21341744
21346002
21397496
21406033
21466167
21570310
21591611
21726069
21733699
21752644
21782431
21800856
21868137
21873070
21916489
21972996
21978946
22014094
22018464
22037253
22082667
22087535
22102940
22112538
22209272
22264015
22277094
22281190
22321213
22326163
22328963
22339362
22404301
22468684
22506484
22516424
22525315
22537678
22551629
22607122
22613176
22616902
22683242
22715973
22749420
22752007
22795900
22822035
22967236
22992107
23084901
23132334
23147075
23153367
23199481
23260576
23337802
23356879
23455058
23509611
23665143
23839987
24036043
24044867
24083878
24169316
24171493
24177367
24188002
24354345
24422519
24471412
24568174
24680060
24742203
24775307
24794108
24794772
24813734
24844139
24844534
24871899
24900262
24900445
24900483
24900624
24900640
24900679
24900680
24920381
24929290
24948565
24951332
24954515
25022879
25036789
25036790
25037914
25139566
25148392
25260492
25271760
25346162
25462231
25462239
25462262
25575659
25677656
25684424
25686392
25699159
25752982
25765759
25803425
25818461
25874327
25874338
25923815
25956413
25970480
26022078
26037322
26037610
26061085
26081291
26088337
26090771
26096677
26123643
26197161
26214585
26220157
26264846
26322835
26344596
26365710
26416255
26529431
26588603
26602278
26615885
26652247
26686773
26708113
26777299
26780831
26791385
26799988
26819660
26827162
26874402
26918322
26918635
26922224
26946324
26985306
27095056
27096045
27267006
27326337
27341519
27353886
27423639
27543389
27548392
27578245
27671498
27688183
27690429
27707605
27766867
27810597
27836196
27852458
27914363
27964881
27994758
28032764
28043798
28111097
28128559
28165233
28165727
28218840
28240894
28274629
28318946
28384485
28408190
28458135
28500957
28570067
28601511
28619536
28651982
28720329
28757062
28784429
28802121
29031494
29072452
29133047
29195795
29309142
29329790
29385334
29407591
29494161
29548573
29553733
29574202
29597170
29792703
29805074
29894182
29921476
30015253
30053720
30074791
30409702
30578034
30580239
30615445
30615449
30655948
30719922
30798051
30798607
30836001
30852383
30891141
30925339
30986062
31117516
31227364
31257875
31260889
31312408
31331653
31351395
31368705
31413799
31465225
31525930
31580660
31877540
31879180
31945644
32061485
32067892
32088493
32150677
32222663
32255344
32330741
32435385
32463235
32605372
32608981
32616185
32631538
32634310
32652434
32668380
32676156
32686940
32711231
32711292
32717613
32870008
32882127
32886509
32886511
33044073
33062169
33214845
33215494
33341650
33359445
33371679
33422907
33444847
33479618
33557523
33603970
33738059
33759519
33764065
34081480
34160227
34213345
34279935
34303869
34315041
34415167
34516107
34624823
34700240
34727689
34731761
34743062
34772530
34792334
34800875
34995066
35063731
35152061
35315650
35436671
35483322
35802779
35939763
35975976
36044544
36074863
36191547
36201859
36228414
36282007
36282975
36318728
36322383
36385933
36508969
36528996
36641860
36655121
37150084
37279401
37334504
37352576
37480712
37643500
37705322
37722298
37752076
37859716
37902787
37976708
38052377
38142562
38716896
38888292
38911171
39115219
