21914812
23659711
25144524
25590533
26158339
26172575
26598975
27082157
26808391
27427228
27775715
23884422
24003232
24022489
24036119
24257746
28169518
28196613
28135235
22087650
24356970
28376304
24755226
24860094
34286973
18680271
24702184
24571165
24625057
24709560
24801499
24801997
25249180
25255326
25358084
25375781
25419855
25516789
25032507
25470204
25600407
25384157
25406853
27757418
25978964
25910584
25970224
25166285
26226049
17442568
26181851
26191363
17897949
18038971
26314339
26299766
26086931
26331194
19168355
19534555
26727270
25799074
25974391
26043365
26367539
26731131
26061247
26701186
26731490
26824386
26731611
26950392
27190605
27031670
27115555
27167608
26914985
27116709
27119626
27120693
27450788
27460668
27078579
19606904
19615903
27660690
27512831
27571219
27584694
27651294
27739691
27617704
27673482
27690435
19891491
27598236
20158203
20889345
20926301
21033669
20731374
21169023
21134757
21392992
21438527
21795054
21561770
27959531
28085286
21963115
22264476
22137933
22316554
28199108
28218845
28792760
28845983
28920684
28926243
28949521
29019676
28626521
29537847
29116812
28495381
29485874
28749691
28437106
17568739
18046409
17951578
19086895
19231864
26702435
26261308
27935314
28068087
28662962
29528635
19899766
29251924
20565110
29510947
21371789
22230199
22440859
22612268
23040896
22975593
22823910
21235241
22081932
29990434
28478342
28527406
29117896
33616410
33822624
34107682
34214508
29407955
29407960
34255518
34351144
23206987
23314054
23419007
23220642
23394791
23530754
23795713
24294411
23919758
23953689
24107081
23984975
24900632
24363833
24436777
24476493
29750408
29969259
30095910
29702446
29758518
30006175
30347148
29170024
29254892
29656650
28621943
29691138
30133284
30137981
28595007
28853884
29470068
29472125
29501416
29547696
29567296
29650462
28968506
28977749
30040896
29275228
29335205
29541371
29999316
30407816
30392349
28780190
29902720
30031975
30339381
17684013
19718043
20718493
23473072
24051074
24103428
25937010
26685880
26944615
27818030
28135087
31265285
30207464
30553625
31727451
30827110
31509708
31550156
31553873
30783504
31386363
31820978
32011145
32096640
30998845
31687820
31928006
32091206
32233366
32321240
31494467
31244110
30295487
31339316
31411465
31260300
31622854
30973731
30977659
31327677
30759340
30860382
30852084
30964293
31077996
31021628
31495556
30773430
31663736
32031798
32124607
32160459
31857843
30562696
30676741
30689946
30702885
31626547
30640473
30707839
27214043
27355974
27409246
27438064
27660688
31345633
30768268
30819620
31999923
32202425
31158755
31874828
31879209
32435424
32543856
32605369
32832026
31982240
32631504
32787077
32356658
32460492
32809817
32886507
32902980
32907324
33084328
33119282
27753493
30562026
33216538
33225706
28002961
32163813
33285409
30743095
33197310
33226222
32866756
32883634
32914975
33337880
33352047
27766861
31785819
33275431
33603974
32689795
32787076
32944137
33062184
33045661
33280898
33283516
33550182
33711765
29566488
32497960
33356247
34298132
34146702
33872011
34293864
34795874
34147909
34293617
34375106
34543009
33792311
34225179
34237635
34547896
33769048
34364221
34801826
34255515
34710325
34542288
34115934
34509860
34105966
34957824
33621080
34807584
34939412
35007061
35108001
35348328
34506131
34582215
33360799
33765606
33984476
34424711
34643390
36306808
36331527
35224498
35581674
35841828
36117290
36426237
36561072
35987104
36136092
36227159
36256875
36262390
36288453
33333396
35544982
35605361
35671593
35914250
36074125
35306814
35758870
34928151
35093670
35763668
35878418
34727689
35849534
33186044
34731760
35777073
35895319
35318165
35737472
35771181
36105334
33980013
34283608
36111355
36318154
34962793
35276423
35363470
35385807
35421657
35429911
35467861
35522528
35549469
35588495
35608370
35609303
31865013
32871340
32871345
33756126
34591474
35024612
35224495
36206538
36472374
33423841
33939407
34107385
34547507
36202064
31391879
36332548
37312836
37312859
36822300
36923911
37031566
37137430
37252099
28217261
30540463
36533416
36634151
36516476
36645983
37403966
36183504
36528996
37837673
36821822
37256819
37279405
38048437
38628784
36736153
37409957
37449845
37450324
36549118
36952395
38229753
36063664
37487500
37499118
37523719
37578463
37658813
37708384
37751901
37774448
37178483
37210951
37782247
37857466
37878264
37910439
37967462
38019706
38064686
36622056
36695774
36701569
36735271
36745746
36939673
36948210
37027512
36773549
36805944
37736168
37838340
37839329
37918435
38888047
38905539
38458107
38733345
38787793
38105611
38462716
38546708
38735150
38932616
38995734
39081058
38142510
38159483
38329974
38466654
38126712
38799223
38237049
38533580
38607318
38670538
38621319
38788300
39114932
38728868
38758695
39145509
39151117
39185622
39225755
38942127
39190548
39029338
39254660
39361813
38981336
39236094
37364511
37597437
34154424
23292653