16458511
17189692
18834107
19072652
19200745
19215089
19297156
21504895
21708468
21852129
21889345
21903402
21925880
22050263
22125663
22154664
22168824
22261023
22642587
22863202
23099099
23265896
23391364
23434140
24398380
24592867
24858546
24900629
25027934
25467150
25514658
25569308
25589932
25980912
26022079
26048792
26057861
26081023
26087940
26119500
26164189
26199119
26348881
26396688
26505898
26596710
26731167
26751161
26774655
26804375
26819001
26854431
26879314
26943489
26995528
27031565
27043178
27043268
27089211
27186676
27234887
27259031
27353887
27387421
27406796
27427973
27448924
27454617
27479483
27544401
27561716
27563400
27573544
27575470
27644332
27765510
27780638
27793568
27816514
27914362
27994749
28029512
28109945
28135068
28279528
28279846
28280261
28284870
28325601
28347666
28409639
28512030
28533114
28548834
28749667
28810189
28835793
28838830
28923383
28947947
29110989
29275232
29305298
29466773
29530347
29534936
29541355
29576272
29601991
29625382
29631787
29656197
29705376
29706526
29787262
29847930
29853340
29870883
29902719
29908439
29927604
29945756
29985601
30071408
30078314
30245395
30293796
30470491
30502115
30597326
30616053
30707835
30755348
30786203
30826188
30826508
30878826
30878832
30968693
31050421
31054862
31117517
31176568
31177074
31254921
31284081
31335136
31434616
31445229
31495556
31550150
31560541
31622096
31721578
31787359
31804822
31862411
31895562
32035750
32069401
32085964
32216342
32283296
32327351
32375077
32422489
32482069
32550997
32659083
32707525
32805407
32912435
32916311
32941989
32947227
32950908
32961382
32966896
33022582
33097303
33109396
33139110
33243532
33258605
33340937
33346659
33479617
33499592
33513389
33561608
33721670
33962153
33970631
33992931
34009981
34020340
34024109
34027661
34044539
34055212
34198150
34214842
34236862
34303872
34384024
34438126
34450497
34479065
34491744
34496560
34536672
34606263
34726055
34749202
34917257
35290845
35363470
35390715
35398303
35450359
35468512
35476959
35500094
35617791
35635929
35635955
35696863
35752141
35834411
35863237
35964425
36126386
36191148
36215859
36262391
36375337
36395650
36400288
36462440
36509365
36529947
36586298
36599263
36745746
36749735
36753880
36858078
36961373
37077386
37172476
37314941
37421416
37453330
37478560
37583818
37688544
37796543
37819647
37856864
37861443
37922829
38056298
38107182
38166392
38190324
38278080
38389872
38408513
38471358
38604095
38619191
38728867
38784474
38784476
38823265
38908102
38913493
39018924
39208742
