19654408
20338520
22204910
23116168
23775075
24393580
25415535
25593096
26882288
27171036
27187609
27190596
27285051
27527804
27541357
27775715
27940419
27994725
27994749
28135068
28302507
28385506
28642104
28671458
28740606
28829592
28835784
28929759
28956923
29360358
29627725
29894944
29937979
29953812
30170319
30347329
30359003
30380865
30460842
30480444
30508668
30529544
30594029
30768268
30789735
30973735
30978559
31023512
31059256
31095385
31129055
31136173
31138459
31244112
31381325
31400941
31419130
31465220
31531200
31563013
31614258
31622096
31647655
31749909
31757680
31831383
31859507
31882297
31895569
32077280
32184967
32184973
32199135
32216342
32223235
32245563
32292557
32502336
32696648
32702585
32787081
32787110
32832025
32866383
32891702
32927028
33035818
33058680
33118821
33166139
33199152
33214835
33215924
33248853
33284613
33479666
33682417
33730678
33794385
33859795
33964444
34143631
34184879
34270254
34314938
34402300
34419892
34463505
34543009
34547507
34606263
34734694
34795857
34855399
34906762
35007061
35041943
35148092
35195996
35235745
35398729
35426680
35447555
35450378
35468293
35485642
35489222
35504513
35584513
35763868
35814933
35816678
36037148
36058467
36111834
36136092
36206553
36288088
36335744
36346971
36516442
36584631
36724216
36905915
36905966
36908007
36951608
37042119
37134203
37178482
37182332
37220641
37413880
37453330
37499291
37535845
37683364
37708796
37722288
37857324
37859717
37871287
37917221
37934858
38000213
38071792
38117948
38164076
38183777
38189253
38199330
38283223
38295689
38389874
38452728
38484122
38484677
38699796
38728867
38759457
38955347
39259669
