7523675
16458003
17948978
18046409
18393409
18724364
18942826
19029917
19397269
19530700
19576767
19618939
19950900
20025281
20088513
20371179
20380377
20565112
20568778
20850205
20959871
21030469
21261296
21337480
21429746
21435888
21604762
21739935
21739938
21767952
21865048
21982493
22028316
22033461
22056744
22106171
22148278
22205779
22214363
22239545
22248857
22257165
22260203
22263962
22264486
22264487
22289061
22290078
22328583
22339472
22449023
22496391
22506561
22511346
22515328
22517972
22533986
22548342
22645092
22679214
22724510
22765892
22803959
22815312
22822035
22842901
22930276
22942319
23006002
23033255
23043539
23061376
23118326
23260349
23336362
23355637
23379595
23445448
23454516
23535330
23544424
23565325
23584544
23614460
23623673
23659214
23718281
23721423
23777780
23844574
23845219
23859118
23879431
23896611
23899614
23928358
23991897
24021463
24044938
24047900
24060487
24138940
24152295
24157370
24164599
24183739
24237195
24279990
24294923
24304348
24325601
24360826
24387280
24405419
24405703
24433859
24530032
24571165
24630560
24650704
24786585
24835202
24844534
24870926
24874438
24880903
24899257
24900346
24900364
24900485
24900567
24900580
24900593
24900594
24900607
24900630
24900648
24900832
24900859
24900870
24920381
24967731
24973660
24984937
25147598
25182963
25221657
25260492
25408827
25408833
25409491
25422861
25455487
25455497
25589934
25590515
25698617
25708617
25711516
25734520
25849762
25899338
25941547
25953512
25961169
25977981
25990761
25992974
26071371
26087021
26100443
26222319
26230603
26231163
26291341
26314339
26363507
26363868
26426481
26436839
26509551
26509831
26561979
26565745
26585275
26653180
26699912
26700437
26710088
26713111
26731168
26745766
26771107
26771665
26791385
26804232
26819663
26819674
26888301
26914744
26914985
26917221
26918322
26937601
26942860
26962886
26982623
26985315
27002486
27014922
27039250
27092411
27127993
27178386
27213958
27240550
27305487
27394666
27432763
27441383
27458651
27482618
27517806
27527804
27541271
27543389
27543882
27548392
27554445
27563401
27650925
27660691
27660692
27720557
27749053
27766867
27783977
27789139
27798827
27836402
27865645
27865703
27955926
27992714
28001384
28002956
28004573
28038328
28092155
28103022
28105286
28190634
28197303
28197318
28197321
28212021
28231433
28262558
28266845
28274629
28280261
28284804
28285911
28302507
28336141
28350999
28385504
28389149
28398044
28408226
28414242
28433531
28459575
28471663
28493698
28498655
28505533
28523098
28523111
28530802
28530811
28549219
28558334
28586211
28591512
28653847
28671847
28731719
28740615
28743508
28763648
28802121
28818766
28835785
28835803
28838696
28845983
28853885
28927796
28934246
28947938
28953386
28958625
28968083
28985999
28991472
29037948
29057059
29057060
29072452
29079473
29089260
29111717
29133047
29152043
29155568
29161514
29202402
29220788
29232514
29243920
29259743
29259750
29259755
29275937
29288071
29289430
29324347
29341607
29381358
29405714
29433927
29459274
29461823
29461827
29477073
29519735
29597170
29620892
29669694
29670690
29683667
29699923
29705142
29731364
29733614
29735425
29737846
29748145
29763304
29764755
29775538
29792703
29798825
29803730
29847930
29851474
29860061
29870258
29873484
29878767
29886082
29886323
29886732
29903660
29927604
29937982
29952567
30034590
30034599
30034607
30034612
30119994
30247901
30251836
30289716
30336450
30339387
30346772
30348490
30366617
30376325
30388368
30413349
30442505
30503411
30503633
30516990
30522957
30529635
30562026
30563338
30565923
30570265
30576901
30576906
30623649
30624919
30629436
30698430
30707578
30718063
30721060
30737136
30753076
30763090
30777661
30792038
30843696
30858025
30879862
30883119
30891122
30891124
30938524
30956011
30975503
31026162
31050421
31079449
31097402
31125226
31176700
31199148
31223453
31226656
31272795
31301948
31312410
31358467
31365252
31381333
31393124
31401465
31413796
31415176
31525968
31549838
31580073
31589440
31670515
31672259
31682427
31710479
31710489
31714779
31724854
31746599
31749905
31749906
31774676
31841350
31961685
31965799
31971798
31972393
31990537
32026697
32031803
32071674
32071684
32071686
32088493
32134652
32178974
32202790
32208600
32212732
32247733
32250617
32292562
32302132
32302140
32330741
32369358
32371333
32390424
32392053
32402932
32420739
32480301
32502336
32511917
32530624
32550998
32584034
32605369
32608981
32666789
32667798
32676155
32691589
32696648
32731187
32786396
32787083
32787105
32787144
32803978
32809824
32832022
32865410
32865411
32866756
32897699
32897703
32900194
32902984
32919113
32960053
32969660
32971426
33059303
33062165
33062168
33062186
33105987
33118821
33160025
33186044
33197187
33210531
33214812
33214823
33214833
33214836
33214841
33215494
33226226
33283516
33285268
33290061
33306385
33307675
33309749
33314938
33341650
33356248
33359168
33359953
33395289
33445156
33459024
33488977
33515864
33523653
33571827
33576627
33588527
33592148
33603962
33603977
33607488
33619958
33620222
33661013
33683117
33705128
33729781
33738065
33738066
33738077
33766770
33822623
33829783
33838585
33844524
33854701
33857737
33859788
33862469
33891389
33929863
33934008
33991628
34015507
34029087
34055213
34110158
34116381
34236862
34237621
34251202
34251799
34253025
34267869
34267881
34267882
34267883
34267885
34269576
34274549
34279934
34292726
34328319
34342224
34355186
34364163
34387987
34388384
34391034
34413950
34413962
34424711
34428039
34432448
34459599
34478292
34520956
34531952
34606259
34648295
34648711
34664960
34671445
34672559
34672584
34699202
34711050
34735766
34782182
34792334
34801270
34826681
34841869
34842428
34843649
34871839
34878777
34917261
34931844
35059127
35084182
35094507
35123178
35123295
35134679
35152061
35188773
35189320
35239336
35255313
35261239
35293760
35300083
35300087
35333039
35339839
35352560
35417155
35436668
35439688
35450368
35576701
35609189
35609303
35612311
35617855
35679512
35786969
35796517
35816678
35834906
35838529
35839536
35853430
35859865
35904556
35925768
35928852
35952307
35975976
35978689
35984707
36063654
36070471
36097498
36116234
36136092
36173339
36197449
36205722
36228194
36251573
36270630
36288465
36300829
36302181
36341811
36355693
36356320
36367749
36384290
36399068
36455356
36462444
36475653
36512734
36529947
36538993
36542759
36545435
36655125
36680883
36680986
36692498
36727857
36757100
36793422
36802665
36822300
36846364
36912866
36920850
37010497
37077397
37197460
37209613
37235998
37252103
37255025
37295614
37315474
37382379
37382562
37436942
37458396
37467565
37607512
37647546
37724542
37731696
37741121
37832799
37905925
37993134
38048696
38116447
38215588
38229740
38229758
38241614
38335279
38352824
38364599
38470246
38527911
38552030
38628796
38782078
39015277
39291025
39291029
39361006
