7650689
9046346
9089332
11462984
11591515
11606138
11975517
12139462
12238914
12443777
12749890
12954047
14761193
15026057
15081010
15125925
15165135
15225706
15261266
15380227
15603960
15620241
15876531
15974627
15990297
15999989
16112571
16162002
16162016
16219463
16300947
16392794
16408006
16408088
16420057
16499324
16603353
16610798
16617018
16632354
16632357
16643023
16643060
16678409
16730987
16737814
16759088
16759096
16777408
16797985
16821781
16854085
16870432
16872154
16876993
16879962
16904318
16905319
16931011
16942012
16942032
16970391
17035009
17035026
17064916
17110116
17149866
17157019
17168554
17169557
17190448
17258455
17275315
17298045
17317167
17402723
17428923
17444627
17498949
17498950
17512197
17517510
17531481
17583950
17606915
17608467
17616395
17681796
17685603
17804229
17822897
17827000
17844994
17855092
17869099
17884495
17904370
17954689
17960924
17988093
17988877
18004798
18024113
18038970
18155554
18226526
18226897
18243711
18269232
18271518
18278856
18282756
18291644
18298079
18307294
18334300
18343126
18359631
18363348
18374567
18400496
18412318
18434152
18504132
18511276
18513967
18524589
18539034
18585912
18586498
18621523
18625559
18646744
18665581
18690216
18707892
18722130
18760602
18771254
18771917
18778936
18778939
18783949
18785725
18793846
18799314
18799592
18800761
18800767
18815030
18828583
18834110
18835719
18839960
18842418
18942824
18947221
18952440
18952442
18976929
18989978
19014882
19019676
19053774
19053776
19053830
19058965
19064304
19072214
19072540
19128016
19135364
19159286
19167893
19168353
19199792
19201190
19215089
19216008
19216549
19217285
19256503
19264481
19269171
19275963
19285388
19286283
19296599
19309080
19321341
19349176
19351180
19376703
19394116
19394220
19394832
19405508
19410457
19410460
19423348
19432422
19435661
19464902
19469545
19482478
19507861
19525117
19539483
19541490
19545120
19574056
19586769
19592245
19595590
19597507
19606870
19664922
19678643
19683924
19716296
19719236
19734911
19743867
19747833
19775169
19791744
19807106
19819139
19819694
19819702
19827833
19845338
19850473
19853439
19853462
19856920
19856921
19856966
19863083
19896372
19902954
19911773
19914068
19928766
19932972
19949058
19954971
19963382
20000469
20014870
20022243
20022492
20031406
20031420
20045337
20047280
20056544
20069627
20073471
20083404
20095622
20097073
20104850
20137940
20138762
20144545
20172734
20189387
20202837
20207146
20218621
20226658
20227877
20232824
20307981
20329799
20335039
20345102
20356736
20363126
20408532
20408553
20427184
20462217
20469868
20471253
20471256
20472433
20481492
20493686
20503989
20510622
20521839
20527969
20553023
20557982
20594845
20598555
20605720
20634067
20638278
20650635
20656484
20656494
20659801
20667724
20667726
20669927
20672340
20672820
20672822
20695472
20727743
20735001
20812681
20826091
20843696
20850970
20929261
20932758
20966043
21028829
21030257
21030263
21044842
21050768
21073190
21074432
21080703
21094606
21105677
21106457
21112784
21115247
21128600
21129964
21130649
21134747
21142112
21214226
21215640
21218783
21256005
21256008
21257309
21269824
21273068
21306168
21316962
21316964
21324689
21348462
21349714
21353547
21361292
21377875
21381753
21438527
21446649
21450468
21481497
21481991
21482446
21506597
21514830
21515063
21524149
21530275
21531136
21539301
21561152
21592788
21599002
21599020
21601454
21620714
21639131
21641093
21658961
21688787
21718029
21737263
21737272
21742490
21752655
21783359
21798746
21800856
21806016
21819082
21831635
21831638
21840217
21855333
21863889
21870828
21873070
21875114
21880489
21885276
21885279
21889235
21889334
21890356
21899328
21920751
21936524
21944381
21958545
21958547
21963986
22003428
22018918
22018919
22019465
22032632
22033460
22051054
22074142
22081932
22094279
22100312
22103243
22119461
22122563
22172704
22180837
22189138
22197140
22197396
22209730
22214363
22217933
22225641
22229647
22239408
22257012
22260203
22260770
22268551
22283328
22305584
22305612
22316555
22341573
22342624
22364952
22365911
22385476
22386978
22391033
22424300
22450127
22452568
22458568
22465636
22503460
22507964
22525313
22534184
22548342
22560469
22563729
22579420
22579484
22583617
22633688
22647217
22650325
22682301
22704236
22704238
22712432
22727448
22738238
22746274
22748377
22748707
22765894
22784640
22866979
22873709
22898254
22898255
22901671
22901899
22910224
22913511
22917520
22924757
22928967
22934537
22938093
22939697
22957834
22989379
23022278
23025805
23031596
23036954
23036955
23040732
23043242
23050058
23063522
23079530
23098072
23102891
23130626
23130964
23131342
23137448
23141912
23147076
23148522
23153200
23171045
23186307
23199477
23214471
23214944
23232056
23232060
23234271
23265844
23265901
23273607
23276449
23286196
23286787
23294828
23294830
23376248
23391145
23428109
23432095
23432160
23434131
23434226
23437772
23462715
23465611
23472886
23490155
23499504
23522563
23527816
23547843
23566515
23566764
23586645
23611768
23639540
23647823
23656407
23656455
23656512
23685180
23688559
23707258
23707260
23713606
23727044
23742252
23768907
23786452
23844574
23865723
23888932
23895492
23899291
23916594
23919758
23953070
23958516
23978359
24007860
24011644
24035340
24053646
24055046
24060489
24074876
24088171
24090135
24094816
24157365
24176396
24184776
24239186
24290064
24315190
24332089
24359708
24383475
24387325
24388834
24397558
24432385
24433860
24457093
24462665
24462666
24471526
24491459
24502334
24508142
24517312
24523409
24527792
24527807
24559867
24563723
24611085
24630694
24656565
24666203
24685112
24685544
24702856
24704616
24707857
24708493
24712764
24726807
24745965
24745969
24751443
24755427
24773565
24775917
24786585
24792812
24799995
24801499
24828006
24831826
24856059
24863981
24874785
24881566
24900216
24900220
24900231
24900241
24900256
24900294
24900301
24900416
24900428
24900436
24900447
24900488
24900508
24900619
24900662
24900728
24900769
24911880
24920381
24936232
24936240
24955889
24959987
24980053
24984936
24992874
25017032
25022880
25037914
25057340
25058929
25078315
25082125
25101488
25101911
25102141
25121964
25139570
25139751
25147600
25156906
25162837
25187277
25247751
25255039
25262941
25268544
25299683
25305688
25333853
25347033
25356789
25357262
25372368
25408828
25408837
25432018
25434976
25435151
25435152
25437304
25453817
25461329
25462281
25491112
25497132
25499431
25499883
25549554
25559213
25569186
25575659
25581017
25583100
25595684
25646649
25677664
25680029
25686852
25698055
25699138
25699144
25710631
25734377
25738882
25768705
25773014
25815138
25815156
25838141
25840886
25857941
25862209
25868743
25893045
25895106
25905468
25934227
25938459
25941555
25978072
25981690
25982078
25993269
25998501
26005534
26014484
26048789
26048793
26048806
26098096
26100441
26101573
26110200
26115573
26119500
26135471
26191361
26210161
26218343
26226490
26238323
26256053
26264844
26267383
26288691
26288692
26308095
26321079
26321361
26321603
26331194
26351878
26352675
26363507
26367019
26394152
26396687
26396691
26408814
26432035
26435512
26443549
26455655
26457560
26509831
26522946
26546213
26546219
26551034
26568144
26572217
26595749
26613420
26613635
26643219
26681208
26683992
26693272
26701186
26701356
26706174
26707398
26717201
26717202
26731168
26750252
26751273
26756468
26774923
26774929
26778255
26788588
26810262
26819660
26819665
26819669
26819671
26820900
26821210
26852363
26878262
26897089
26901666
26905830
26905831
26917221
26966993
26974376
26974385
26981782
26985302
26985320
26986178
26988304
26990539
27007611
27035422
27039337
27043267
27045975
27068889
27070779
27072910
27080181
27092410
27096048
27131065
27138345
27145071
27185013
27190599
27190600
27223253
27236015
27270029
27283790
27299736
27301368
27309760
27318978
27326329
27326332
27326341
27352042
27366941
27371922
27411733
27429255
27437076
27437082
27450787
27460209
27464307
27490023
27490956
27503683
27506559
27513008
27524313
27528433
27542308
27560282
27560285
27563395
27563404
27563406
27567079
27569195
27591006
27592633
27599745
27601373
27608177
27622746
27644332
27658792
27660684
27692509
27692995
27727126
27736063
27748121
27749056
27779399
27783522
27783523
27815118
27847273
27887964
27918994
27919657
27933964
27976894
27988463
27994731
27994732
27994752
27994765
28005357
28043796
28049589
28051871
28075581
28076827
28082070
28103022
28105285
28112924
28117994
28126440
28131714
28162900
28169169
28174108
28189393
28195723
28197321
28209257
28212021
28231521
28235703
28242276
28252961
28268136
28277660
28288109
28296398
28302507
28318945
28337327
28339199
28355078
28359790
28363748
28368119
28372911
28385503
28399453
28400239
28414465
28437629
28438540
28448133
28454849
28465099
28465101
28471657
28471658
28481536
28485590
28485934
28506582
28506584
28506585
28525844
28526370
28539218
28541685
28557458
28591512
28609708
28610979
28648463
28666737
28667876
28671458
28671847
28696695
28740611
28741954
28749691
28753294
28817274
28835798
28845983
28858485
28882502
28934246
28937774
28949521
28954197
28991459
29035567
29064243
29079014
29079472
29103971
29103972
29103974
29117897
29140705
29148806
29152046
29153547
29155568
29162454
29223100
29233651
29236497
29251924
29258712
29259742
29259758
29262987
29266937
29275233
29275935
29287957
29291439
29292223
29300474
29335207
29335212
29342416
29359565
29398545
29407968
29412659
29422387
29424542
29446942
29454920
29456791
29459145
29477813
29494148
29499483
29525335
29534930
29543461
29548571
29562737
29566337
29571573
29605809
29615343
29615345
29628329
29630366
29631960
29631962
29641206
29653491
29655980
29657102
29678460
29693393
29693401
29706423
29733645
29741891
29751237
29759726
29763304
29793752
29807795
29852069
29857275
29858157
29878767
29901398
29909341
29934246
29937983
29939744
29940120
29940464
29989817
29990431
29990434
29999316
30001846
30004226
30010338
30017113
30025349
30026040
30028132
30034593
30053783
30054191
30075999
30077610
30091920
30093346
30097366
30125720
30130103
30143422
30144697
30145005
30189396
30192544
30193215
30193216
30199253
30199637
30201292
30220602
30227946
30228000
30241907
30247903
30252468
30258544
30274941
30289716
30295487
30296685
30301676
30326371
30344916
30347329
30350996
30351933
30359818
30362739
30389294
30390441
30419493
30444366
30446437
30525603
30525604
30563338
30576906
30587446
30594433
30596500
30600206
30605833
30613329
30615444
30622024
30640473
30652849
30657313
30676741
30682255
30702885
30704835
30711833
30728113
30741545
30763090
30772607
30773432
30776227
30777663
30779566
30783503
30783504
30792038
30819620
30827105
30883102
30888810
30891140
30891142
30891145
30928711
30939349
30940565
30952591
30964292
30964293
30964661
30967304
30973727
30986059
30996771
30996787
30996794
30996804
30996808
31006525
31009912
31010722
31021617
31022340
31029550
31082765
31095389
31097997
31099568
31101472
31128447
31129051
31129450
31151068
31160175
31188588
31212132
31223443
31223459
31230974
31247373
31247375
31253533
31257087
31268307
31270017
31271960
31272795
31274313
31282155
31283223
31298541
31312405
31314518
31318208
31320147
31343875
31344615
31351846
31358358
31408335
31418565
31419141
31425906
31429553
31469288
31483660
31494470
31513410
31514062
31525968
31531189
31531208
31548084
31550150
31556611
31589043
31623970
31629632
31630858
31638797
31647655
31648125
31675226
31675229
31710479
31715099
31721581
31729873
31740051
31740202
31742400
31746603
31757680
31784187
31784317
31789520
31810784
31820978
31820982
31820985
31843464
31855426
31862310
31862412
31874826
31879182
31889664
31902650
31926470
31932193
31940200
31980341
31980362
32001135
32005415
32014680
32046903
32063403
32066011
32071676
32083858
32096640
32105981
32129622
32169784
32169785
32184967
32202782
32202790
32203790
32208684
32233366
32248003
32253226
32267688
32272420
32292540
32292560
32292564
32302115
32302132
32302140
32315173
32315177
32334911
32334912
32339855
32356658
32362385
32369358
32387837
32420741
32435362
32435383
32435390
32463235
32470302
32511917
32539376
32539378
32546299
32550984
32551004
32551009
32551645
32605372
32614182
32616181
32616182
32631515
32631540
32673481
32676157
32682201
32687365
32696644
32698100
32706964
32717481
32738989
32758860
32763309
32787083
32844654
32845153
32871344
32883072
32886507
32886512
32890685
32912438
32936638
32944143
32961480
32971427
32991173
33038794
33049605
33069072
33095584
33124429
33124806
33130293
33138369
33142057
33190475
33214809
33214823
33214824
33214850
33215924
33216547
33232874
33252239
33272782
33272783
33289551
33328103
33335661
33335663
33335667
33335670
33335675
33369416
33370104
33382613
33388655
33395621
33422907
33423463
33461144
33470111
33470814
33476933
33488956
33488976
33493627
33497575
33506674
33548803
33560122
33571911
33582577
33588180
33591748
33592144
33601309
33603974
33620196
33629841
33636537
33640763
33689932
33729773
33738056
33738070
33769827
33771587
33783220
33784603
33793232
33822623
33822624
33851839
33854701
33886285
33899473
33904307
33906048
33930802
33962311
33965842
33984476
33988379
34000802
34010766
34019405
34022528
34027668
34032427
34048243
34048880
34055205
34055214
34055231
34055233
34098465
34107682
34115499
34115934
34118722
34121397
34141080
34147744
34165993
34192642
34213899
34246921
34251202
34251799
34256254
34264059
34267874
34269581
34292747
34303081
34313116
34328726
34355178
34382808
34408808
34419892
34422225
34433102
34454125
34455359
34469710
34492176
34492592
34499493
34506138
34524803
34531948
34531950
34555614
34601454
34633810
34676039
34709043
34723528
34761679
34767347
34776280
34778778
34790290
34795873
34809430
34818007
34839661
34844790
34889100
34939789
34954593
34957834
34971876
34989568
34998040
35051813
35060744
35063736
35089724
35108011
35123295
35175760
35235745
35276359
35300091
35307617
35357160
35404053
35416668
35465663
35468293
35485642
35503419
35512484
35576658
35581674
35611405
35640059
35652647
35688005
35694694
35695407
35700596
35704802
35772287
35777269
35786895
35797147
35802702
35819182
35842206
35859859
35863275
35964426
36029562
36031018
36063664
36068975
36069713
36070471
36103247
36105346
36107013
36150079
36154033
36166643
36183504
36201304
36240545
36244107
36260776
36262400
36270113
36270630
36274276
36282975
36318154
36325395
36332550
36343410
36347091
36347120
36375336
36385941
36399795
36439976
36459434
36459756
36462438
36480704
36518694
36533416
36539349
36542958
36562717
36580745
36586297
36603506
36630177
36756805
36773549
36786551
36799411
36802665
36805944
36808996
36825758
36840990
36846372
36898330
36905917
36933395
36951608
36971365
37001011
37001244
37003047
37027512
37028120
37037140
37077399
37079895
37105490
37116763
37127285
37167779
37172324
37182610
37209451
37217025
37243609
37256819
37312852
37348572
37377342
37393792
37403966
37413879
37421373
37421886
37424079
37450644
37473690
37480153
37484563
37486969
37526502
37552807
37567057
37584263
37595279
37724542
37751901
37776573
37813065
37847244
37849530
37849534
37866089
37918435
37939861
37982494
38007911
38043493
38064686
38092421
38116409
38128906
38141287
38170624
38176026
38185055
38198226
38227771
38237049
38283218
38294825
38301029
38352830
38375763
38385428
38389870
38460271
38493730
38498304
38498998
38511649
38522113
38547240
38547735
38555526
38563549
38626523
38626524
38628787
38636128
38677560
38699796
38704936
38728572
38748820
38748913
38787938
38865743
38894904
38911170
39005064
39023313
39042910
39042991
39068862
39081058
39111015
39140058
39153334
39185622
39191400
39226127
39236094
39240657
39258574
39264152
39291025
