12190310
15217611
16216042
16458003
19443226
19560353
19625187
19697446
19758809
19804894
19994907
20426422
20575553
20578699
21090681
21106457
21515056
21875802
21899292
22041057
22204907
22560583
22677317
22814212
23043329
23122867
23167654
23434636
23932448
24098982
24119242
24185377
24239017
24315189
24384549
24767849
24953599
24953950
25084145
25129171
25137573
25262942
25458601
25619742
25801151
25938986
26432604
26771665
26812276
26898335
26965864
27143131
27184767
27189886
27371925
27569197
27606546
27622287
27624527
27865702
27997171
28076824
28077258
28145708
28280261
28508636
28621943
28655422
28735213
28757063
28929756
29195795
29459278
29602676
30015078
30103190
30176535
30249496
30457860
30771603
30776691
30852084
31077996
31521478
31550150
31589992
31789518
32030976
32061959
32184962
32184970
32212732
32375478
32460492
32614585
32711108
32738350
32786396
32828433
32865411
32871344
33316691
33335662
33454547
33582386
33724834
33873056
34355184
34676755
34931516
35217359
35467861
35597009
35786925
35796517
35917835
36116232
36126388
36269107
36490325
36518695
36529947
36577213
37235809
37302340
37478559
37669595
37669603
38086190
