18394907
19783444
22834902
24131029
24580531
25415134
27312008
27425654
27526615
27592392
27709883
28128954
28140585
28174105
28245116
28471657
28482155
28714689
28760529
29031064
29137867
29195795
29555420
29928781
29969259
30145375
30153955
30199707
30457860
30753076
30888817
31009914
31767137
31769670
31810784
31838846
31895575
32037829
32129996
32150677
32250117
32329617
32435361
32435425
32442851
32563811
32667202
32882416
32927028
32936638
33333161
33479656
33488965
33488967
33571875
33735687
33756126
33765606
33939407
34023736
34038131
34048880
34170703
34328726
34332399
34506712
34509860
34510899
34543755
34628235
34644502
34710325
34778768
34939412
35035774
35183871
35428012
35429911
35430560
35476936
35635948
35792403
35797147
35820623
36083840
36103247
36105327
36116232
36126447
36152385
36183504
36191547
36228194
36282975
36320433
36331508
36441945
36476642
36549397
36577036
36579489
36594670
36622814
36868105
37191335
37235809
37235998
37253305
37312859
37352470
37382379
37423124
37450644
37471688
37480153
37552884
37566998
37594853
37595020
37606563
37672932
37681508
37879043
37902300
37922441
37976707
37981444
37983486
38039505
38105606
38109261
38117981
38142509
38142510
38173250
38194775
38229750
38232465
38354305
38364714
38367219
38382391
38412237
38427954
38505838
38526960
38552426
38676656
38688063
38718626
38728868
38749343
38751194
38889052
38894912
38894914
38959730
39032403
39042910
39054645
39082833
39172943
39208743
