15225688
15998112
19800228
20138510
20172718
20561787
21216604
21507633
21515061
21536449
22305584
22540945
22591402
22612866
22727640
22780961
23177256
23394218
23414143
23414803
23434140
23920481
23968501
24417533
24432909
24462666
24726806
24819116
24900250
24900475
24900689
24900749
24900792
24938496
25068800
25262942
25350923
25415869
25633741
25733882
25734936
25736998
26083478
26320624
26451770
26486225
26492514
26547690
26717201
26810712
26819674
26850376
26906472
26964675
26985290
26985319
26995531
27011159
27043268
27089211
27224444
27266526
27396929
27502541
27559828
27688180
27712055
27777009
27829519
27839918
28011204
28190652
28408190
28411455
28428040
28445037
28523101
28541695
28759878
28826084
28851503
28927801
29037944
29107421
29152045
29172502
29174809
29198867
29203143
29223590
29298069
29324347
29331754
29351887
29398441
29407971
29452839
29486953
29541363
29559278
29578342
29605809
29631788
29775935
29775937
29776742
29927604
29979591
29985601
30122225
30179749
30195240
30216722
30223120
30243592
30245394
30290988
30503936
30613323
30875504
30885568
30888817
30891133
30925338
30927566
30940564
30981576
30981578
30987781
31097403
31260299
31298542
31300317
31368705
31408808
31419130
31444087
31466809
31492532
31546197
31566384
31620219
31710489
31757525
31761386
31810784
31836443
31846829
31910010
31938464
32139324
32173195
32184971
32224380
32253095
32278710
32297743
32305182
32352776
32402937
32530623
32539378
32615502
32679450
32697083
32731184
32739648
32755678
32787081
32803978
32930584
33129590
33243532
33306391
33316412
33340663
33453602
33454547
33460739
33471528
33486159
33493829
33493830
33576627
33581554
33611192
33652352
33730678
33740548
33756437
33797247
33845236
33857728
33892104
34110834
34279092
34315040
34323071
34375113
34402300
34479103
34488024
34515481
34529443
34531944
34534734
34596404
34624191
34726887
34735158
34749202
34922306
35059117
35178167
35219181
35239349
35276359
35439002
35447031
35594541
35605362
35679512
35691173
35696642
35696862
35939995
36095945
36242985
36270113
36272186
36423414
36441945
36459756
36657024
36940470
37077386
37087886
37196426
37201428
37356356
37413880
37738648
37862816
37906573
37944414
37972387
38060537
38147525
38164076
38492541
38593344
38665825
38733884
38762915
38879996
39053006
39163586
