15715457
17154491
20137942
22037049
22424612
22519963
23687558
24613457
24871995
25275964
25408830
25668242
26010728
26042340
26203658
26348111
26613635
26914985
26928019
26986036
27035329
27074625
27190605
27326325
27420737
27434274
27570890
27682507
27731647
27823885
27933960
28002667
28195723
28248104
28300398
28463783
28795803
28892380
29131958
29291439
29407590
29407948
29461833
29541365
29558126
29589445
29608300
29691138
29751237
29776742
29777988
29795753
29852068
29928781
29939744
30035538
30078609
30183282
30247908
30289257
30476826
30615452
30655949
30768268
30772128
30789735
30822708
30875219
30964290
30964661
30973735
30998845
31042379
31175010
31223439
31260300
31414801
31520926
31550156
31596583
31702918
31846828
32184967
32184974
32321240
32324999
32342685
32369358
32420741
32462866
32787076
32787083
32787145
32883634
32883639
32901477
32902268
32927028
32949963
32961435
33035818
33045661
33200929
33209191
33215924
33267584
33350824
33439019
33479684
33488971
33497606
33497888
33522809
33524256
33630609
33636538
33715360
33724031
33830764
33843223
33980013
34011153
34015703
34046605
34086472
34143631
34146702
34162205
34264658
34308635
34309390
34333981
34375106
34413961
34463505
34467765
34506142
34519506
34543009
34600239
34668706
34742889
34767912
34797051
34807584
34846884
34917242
34929081
34959172
34982553
35104640
35133824
35143203
35167750
35224497
35235745
35305461
35500474
35504513
35584513
35597007
35608370
35657291
35707146
35714446
35716516
35734860
35764033
35838529
35859883
35880755
36098685
36099150
36111834
36136092
36150079
36173355
36205722
36267128
36270633
36516476
36562986
36580731
36826833
36923918
36970148
37036171
37058391
37077385
37094449
37195170
37312836
37318348
37339079
37523859
37552884
37659219
37708384
37776574
37782247
37859717
37902787
37944866
37974938
38096359
38126712
38147525
38157838
38199162
38199328
38300264
38330278
38389883
38422480
38470246
38478885
38479166
38479168
38498998
38533580
38552030
38556760
38604131
38628796
38635563
38670537
38684226
38758695
38809766
38838548
38850857
38959455
39023313
39028937
39073853
39078366
39119945
39140040
