9379433
11148027
16899369
17630989
18680271
19012568
19781950
19783991
19874209
20043696
20043700
20116265
20158191
20222760
20711197
20724166
20870405
21241056
21707077
21797225
21840712
21875802
21962576
22165820
22229710
22417091
22468999
22575017
22789708
23075044
23234607
23339734
23360239
23406460
23458498
24112024
24147804
24194520
24266771
24913411
24952377
24980703
25184810
25314628
25316315
25454499
25516789
25699140
25734936
25971770
25978964
26132273
26670264
26700752
26786695
26878343
26881725
26982372
27058821
27326334
27709883
27913182
27933946
27959494
27992714
27996269
28157311
28387506
28478342
28482147
28535045
28587455
28613862
28621538
28626524
28910100
29048889
29057045
29110989
29166018
29456802
29529503
29691138
29702446
29771525
29795765
29969259
30064119
30137981
30207464
30295487
30728114
30769242
31074269
31244106
31857841
32250117
32420743
32463237
32482069
32529824
32539387
32673492
32781219
32880457
33225706
33226222
33549906
33783220
33818106
33898992
34255515
34364222
34375106
34510899
34520956
34672548
34762429
34778777
34795867
34841869
34967602
35024612
35286090
35306814
35489223
35581674
35707152
36005476
36227159
36300829
36356292
36441945
36952395
37071570
37465299
37496104
37714498
38039505
38194775
38215028
38728572
39259672
