17749
22757
42798
109618
184284
197237
199727
206698
207868
209186
231654
323484
423205
513062
533888
556772
592342
619149
722711
874952
894682
926113
1271416
1282570
1310114
1310117
1310118
1311764
1311765
1312602
1313878
1315869
1315870
1317407
1317922
1317923
1317925
1319490
1319493
1319495
1320121
1320122
1322987
1322988
1323677
1323682
1324316
1326635
1331447
1331448
1331449
1331450
1331451
1331453
1331455
1331456
1331462
1333011
1333012
1333013
1333014
1335078
1335080
1336053
1336054
1346653
1347318
1347319
1347791
1348089
1348090
1348542
1350797
1353116
1354263
1354264
1359141
1359142
1360025
1360027
1361578
1361580
1370696
1375964
1375965
1378901
1382133
1388207
1388208
1404229
1404238
1431946
1433172
1433191
1433195
1433203
1433204
1433205
1433207
1433209
1433210
1433217
1433224
1433225
1447735
1447752
1469694
1469697
1469699
1469703
1469704
1479589
1479590
1495016
1495019
1501231
1501234
1507200
1507203
1507209
1507211
1507212
1531075
1531364
1531365
1533424
1534125
1534126
1534584
1534585
1535377
1535660
1535661
1542100
1548677
1548682
1548683
1552497
1552499
1552502
1552510
1560440
1560441
1573640
1573641
1578479
1588549
1588560
1597853
1613745
1613746
1613748
1613750
1613751
1613758
1619615
1619616
1619622
1635055
1635058
1635064
1648137
1648138
1648139
1648140
1648141
1652019
1652022
1652023
1652025
1652026
1656041
1656044
1656045
1659636
1659638
1662725
1671414
1671415
1671416
1671419
1671420
1671705
1672155
1672156
1672158
1673158
1674541
1676426
1676427
1676758
1676759
1680195
1681106
1683407
1684995
1695682
1700123
1701834
1714957
1716682
1732519
1732520
1732521
1732522
1732532
1732537
1732540
1732541
1732545
1732557
1738138
1766000
1766003
1800642
1812212
1825115
1825116
1826745
1827843
1829485
1846919
1846921
1847432
1848295
1849993
1849995
1849996
1849997
1851843
1851846
1851847
1875333
1875337
1875338
1875343
1875348
1875349
1875352
1875353
1895288
1895292
1895293
1895305
1895306
1895309
1908521
1910091
1920350
1920365
1956033
1956039
1956042
1967312
1967314
1967318
1967651
1967652
1968512
1969484
1971308
1971309
1972964
1973733
1973734
1975274
1975275
1976812
1976813
1977907
1977908
1992112
1992127
1992129
1992150
1995871
1995886
1995893
1995895
2002454
2002461
2002468
2016719
2016720
2016728
2016730
2033577
2033595
2066977
2066986
2066997
2104935
2120444
2136916
2136918
2136919
2137880
2140413
2142737
2153204
2153205
2153212
2153820
2153822
2153826
2153827
2155320
2157009
2157010
2160538
2163451
2165166
2167979
2170648
2170651
2170652
2172538
2175357
2213824
2213827
2213830
2213834
2213835
2231600
2258897
2258903
2258905
2296012
2296020
2296026
2296036
2299626
2299627
2308135
2329553
2329554
2329573
2342053
2342066
2342072
2362269
2362270
2362282
2374139
2374141
2374147
2374150
2391685
2391688
2405157
2405158
2409280
2409281
2416923
2435903
2435904
2435905
2438407
2441054
2441057
2444704
2452253
2456389
2464062
2477546
2502629
2521252
2522993
2522994
2524592
2525621
2527994
2535878
2536436
2536439
2537426
2537427
2537429
2539480
2542551
2542555
2542556
2542560
2542561
2544727
2547071
2547074
2549244
2549245
2552119
2562852
2563773
2564895
2565399
2565400
2565402
2569041
2570150
2571727
2571728
2571729
2571731
2571732
2573732
2579237
2614420
2666667
2704032
2704034
2709373
2709383
2724292
2724293
2724295
2724296
2738875
2738882
2738884
2738887
2738897
2754691
2754692
2754696
2754708
2754709
2754711
2754715
2769691
2785211
2795597
2822930
2824773
2824774
2828622
2831363
2831365
2840498
2840502
2840504
2845081
2845082
2845084
2846842
2848124
2859371
2861286
2863377
2863378
2864446
2866247
2866248
2869146
2870187
2870189
2874226
2875184
2876099
2876101
2876102
2876105
2876106
2878079
2879913
2879914
2879919
2882025
2883317
2883318
2884313
2884314
2884316
2885419
2887656
2887657
2887658
2887659
2888894
2888896
2888897
2888898
2888899
2889830
2892932
2892936
2894465
2894466
2896245
2896246
2896247
2898533
2899647
2900897
2900898
2902226
2902227
2903246
2903247
2903929
2909731
2909739
2909748
2913301
2918498
2918500
2933517
2955118
2965244
2966245
2984420
2989524
2991519
2993610
2993621
2993622
2993623
2993624
2995663
2995665
2999396
2999399
2999400
2999401
2999408
3005574
3016265
3016267
3016269
3020244
3020246
3020250
3023609
3023614
3027330
3031294
3033248
3035179
3037080
3039133
3039136
3039138
3039139
3050089
3156993
3172140
3172141
3184128
3263503
3336017
3336026
3336027
3339603
3339617
3346870
3346882
3361571
3361572
3361576
3373482
3373486
3385722
3385727
3385732
3385733
3385735
3385736
3397992
3397994
3494849
3543362
3560162
3560164
3572963
3572981
3572985
3612685
3656361
3701781
3712371
3735309
3746809
3746815
3761308
3761310
3761313
3783595
3806581
3806597
3806606
3806613
3820220
3897541
3941406
3941414
3941416
3950903
3950904
3950917
3973899
3973904
4009617
4032430
4039369
4040977
4045929
4067997
6088770
6090665
6094809
6094810
6094811
6104732
6105219
6105220
6105221
6106063
6106064
6120233
6123599
6123600
6124637
6126588
6128416
6131130
6132009
6133954
6134833
6134835
6139479
6139481
6142954
6150112
6192241
6198519
6209395
6248642
6248644
6249930
6249933
6268786
6268789
6273560
6276546
6279840
6283082
6288945
6292420
6292421
6296387
6296388
6298427
6313919
6315939
6317860
6319699
6330361
6458703
6471068
6481761
6492080
6581313
6600791
6682147
6716399
6737423
6747997
6767029
6834383
6864731
6876078
6965727
7108901
7120280
7120288
7154005
7154006
7200145
7241506
7288815
7310821
7328588
7328589
7381854
7420361
7473547
7473548
7473556
7473557
7473558
7473567
7473568
7473570
7473590
7473594
7473597
7490727
7490729
7506312
7507528
7508512
7510340
7510341
7510786
7512140
7513763
7515442
7515443
7517439
7518002
7520943
7527861
7530773
7535362
7540207
7543578
7543579
7562902
7562904
7562906
7562908
7562924
7562926
7562930
7562933
7562934
7562939
7562941
7608900
7608902
7608904
7608905
7608912
7623051
7629789
7629808
7629811
7636853
7636854
7636860
7636861
7636870
7636872
7636873
7636875
7636876
7650684
7650685
7650691
7658428
7658429
7658431
7658433
7658434
7658435
7658443
7658444
7658446
7658453
7673943
7673944
7684452
7689652
7692048
7699693
7699710
7699712
7707315
7707316
7707318
7707320
7707326
7731013
7731017
7731018
7731019
7739004
7739005
7739011
7739013
7739014
7752182
7752195
7752204
7752206
7783126
7783131
7783132
7783136
7783152
7783153
7783155
7783157
7799397
7799399
7799409
7807119
7830265
7830274
7830281
7837222
7837225
7837236
7837237
7837239
7837240
7837242
7837245
7853332
7853341
7853349
7853350
7861405
7861413
7861414
7861417
7861418
7861420
7901415
7901417
7902439
7902869
7902870
7902871
7905926
7908696
7909848
7914536
7914539
7914540
7932524
7932535
7932540
7932545
7932553
7932560
7932565
7932569
7932572
7932576
7932581
7932586
7932588
7966125
7966138
7966139
7966147
7966152
7966154
7966162
7990104
7990109
7990110
7990124
7996538
7996543
7996545
7996549
7996550
8021913
8021920
8027974
8027978
8027981
8027983
8027984
8027985
8027990
8035418
8035423
8035432
8057272
8057273
8057274
8057277
8057285
8057287
8057289
8057300
8064796
8064797
8064798
8064801
8064802
8064803
8064804
8064808
8071931
8071934
8071935
8071941
8071944
8093626
8093908
8096246
8096548
8097537
8097538
8097539
8098066
8098771
8101876
8101878
8102651
8120863
8126695
8126697
8126703
8126704
8145219
8145220
8145225
8145226
8145236
8145238
8151622
8164250
8164255
8164264
8164265
8176704
8176706
8176710
8182696
8182697
8182701
8182702
8182708
8182711
8182712
8201586
8201588
8201590
8201591
8201592
8201605
8201606
8201607
8230093
8230095
8230098
8230099
8230102
8230106
8230107
8230109
8230121
8230122
8230123
8230124
8230127
8230130
8230131
8246221
8246225
8246227
8246239
8246241
8246243
8246246
8254604
8254607
8254616
8254623
8254628
8258821
8258822
8258823
8258825
8258826
8258829
8258830
8258832
8258833
8277505
8277506
8277510
8289063
8289183
8289187
8289188
8289190
8289199
8289207
8295213
8295219
8295220
8308857
8308867
8340910
8340920
8340922
8355247
8355251
8355252
8355253
8355255
8360871
8360873
8360875
8360878
8380614
8381184
8383730
8387597
8388471
8389876
8390575
8393113
8394934
8394935
8394936
8410976
8410977
8410983
8410988
8410989
8410990
8410998
8410999
8411002
8411003
8411004
8411005
8411007
8411021
8421274
8421283
8421293
8426363
8426364
8459396
8464038
8464039
8464040
8474099
8478910
8478911
8487256
8487257
8487261
8496700
8496900
8496902
8496906
8496908
8496917
8496922
8496932
8496936
8496939
8496941
8515425
8515428
8515429
8523400
8523409
8544175
8544176
8558504
8558508
8558525
8558528
8558529
8558530
8568798
8568799
8568800
8568801
8568802
8568803
8568804
8568807
8568816
8568822
8568823
8576905
8576917
8576918
8576919
8576920
8576921
8576924
8627597
8627599
8627604
8627605
8627606
8627617
8632403
8632404
8632410
8632415
8632424
8632426
8632440
8642550
8642551
8642552
8642554
8642555
8642567
8648606
8667355
8667356
8667368
8676127
8676339
8676348
8676350
8676354
8676355
8691422
8691424
8691438
8691441
8691442
8691445
8691453
8691462
8691477
8691479
8691489
8699182
8709093
8709094
8709105
8709106
8709107
8709108
8709127
8709128
8709129
8709132
8709134
8709137
8759171
8759629
8759633
8759638
8759640
8759641
8759642
8765503
8765504
8765507
8765510
8765528
8784441
8784443
8784447
8784448
8784453
8784455
8809152
8809153
8809156
8809159
8809161
8809163
8809164
8809166
8809168
8809171
8831752
8831762
8831767
8831768
8831769
8831770
8831771
8831775
8831778
8863789
8863790
8863792
8863798
8863800
8863801
8863803
8863805
8863806
8882431
8893828
8893829
8893836
8893838
8893842
8893848
8917649
8917654
8917655
8941383
8941384
8941387
8941398
8941399
8960545
8960546
8960552
8960553
8960557
8978832
8978852
8978857
8988595
9003524
9014347
9016321
9016323
9016326
9016328
9016330
9016331
9016337
9022796
9022797
9022798
9022799
9022806
9046331
9046345
9046346
9046348
9046349
9046351
9046352
9057850
9057851
9057856
9057857
9057859
9057860
9057861
9057862
9083471
9083472
9083473
9083474
9083475
9083484
9083489
9089327
9089329
9089338
9111295
9111297
9111298
9111299
9135029
9135033
9139660
9154964
9154966
9154973
9171869
9171874
9171875
9171877
9171878
9171881
9171885
9171886
9182127
9191950
9191951
9191952
9191956
9191957
9191958
9191960
9207938
9207940
9207948
9214739
9214741
9216831
9216843
9240352
9240357
9258350
9258354
9258365
9258366
9258367
9258372
9276012
9276013
9276014
9276018
9276022
9288173
9288174
9288176
9288177
9301661
9301663
9301669
9301674
9322361
9341912
9341915
9357514
9357515
9357516
9357521
9357526
9357527
9357529
9357531
9357534
9357535
9371236
9371239
9371242
9371246
9379432
9379438
9379441
9397165
9397166
9397171
9397172
9397176
9406593
9406594
9406603
9435890
9435894
9435896
9435897
9435899
9435902
9435903
9435909
9435910
9438020
9438021
9438024
9438026
9438027
9457239
9457247
9461660
9464357
9464360
9464362
9464368
9484491
9484494
9484497
9484505
9484506
9513594
9513595
9513598
9513601
9513602
9513604
9514015
9514878
9526557
9526558
9526561
9526575
9544204
9544213
9544217
9548811
9548813
9554876
9554877
9554881
9572880
9572883
9572885
9572897
9599242
9599245
9599246
9599247
9622542
9622546
9622554
9622555
9632357
9632369
9632371
9632375
9644051
9651149
9651150
9651154
9651157
9651167
9651169
9651170
9651171
9667955
9667957
9667958
9667964
9667967
9667972
9667975
9677190
9677270
9677277
9685241
9685243
9685245
9703459
9703460
9703462
9703463
9703464
9703467
9703472
9703473
9703474
9703475
9719594
9719604
9733485
9733486
9733494
9748351
9748358
9753691
9767631
9767636
9767637
9767640
9767642
9767643
9767649
9767650
9767652
9767653
9784090
9784094
9784095
9784096
9784098
9784100
9784112
9784163
9804685
9804688
9804691
9804698
9804700
9804702
9822540
9822547
9822558
9822559
9836610
9836615
9836617
9836623
9857084
9857087
9857088
9857089
9857090
9857099
9871507
9871508
9871521
9871530
9871538
9871543
9871544
9871564
9871571
9871578
9871581
9871584
9871597
9871604
9871605
9871617
9871621
9871627
9871630
9871633
9871649
9871662
9871663
9871666
9871670
9871672
9871673
9871692
9871693
9871716
9871717
9871719
9871722
9871736
9871763
9871775
9871777
9873377
9873388
9873407
9873416
9873427
9873431
9873432
9873433
9873445
9873446
9873449
9873454
9873462
9873464
9873472
9873474
9873477
9873480
9873481
9873487
9873505
9873517
9873523
9873527
9873560
9873561
9873563
9873568
9873573
9873586
9873592
9873601
9873603
9873609
9873625
9873637
9873643
9873682
9873693
9873707
9873725
9873728
9873735
9873746
9876105
9876109
9876110
9876115
9888831
9888842
9934472
9934473
9934480
9934496
9986702
9986703
9986705
9986710
9986719
9990454
9990464
10021922
10021923
10021946
10021947
10048786
10052959
10052962
10052967
10052968
10052970
10052975
10052976
10052977
10052980
10072675
10072682
10072685
10072687
10082200
10090786
10090788
10090790
10090791
10090792
10090793
10091678
10091684
10091703
10091705
10091706
10096862
10098669
10098670
10098676
10197974
10201821
10201822
10201840
10201842
10201844
10206545
10206547
10206550
10206558
10212118
10212124
10212125
10212126
10229624
10229626
10229627
10229633
10229636
10230622
10230629
10230640
10328310
10340609
10340615
10340622
10340623
10340624
10346920
10354404
10354408
10354409
10354414
10360732
10360736
10360740
10360746
10360749
10377215
10377221
10377228
10377229
10377235
10377236
10386940
10395475
10395478
10395488
10395489
10395519
10397502
10406632
10406633
10406642
10406645
10406649
10406650
10406657
10411478
10411482
10411485
10411491
10421757
10425082
10425083
10425088
10425095
10425096
10425105
10425111
10447942
10447946
10447949
10447950
10447952
10447957
10450949
10450964
10450966
10450968
10450981
10450986
10450987
10464021
10464022
10465404
10465538
10465539
10465552
10476865
10476866
10476873
10476875
10476879
10479278
10479279
10479283
10479285
10479286
10479294
10479296
10479299
10479303
10482466
10498195
10498200
10498208
10498212
10498215
10498220
10498221
10508426
10508441
10508444
10508446
10509922
10509928
10509931
10514288
10514289
10514291
10514293
10514296
10543872
10543877
10543880
10543883
10543888
10543913
10560731
10560733
10560741
10571146
10571154
10571156
10571163
10571170
10571174
10576690
10576693
10576696
10579811
10579820
10579824
10579828
10579830
10579840
10579841
10579842
10579843
10579846
10585205
10585207
10585208
10585210
10585211
10585212
10602690
10602703
10612582
10612583
10612593
10612597
10612600
10612601
10612602
10617086
10633034
10633042
10636233
10636237
10636238
10636243
10636247
10636248
10639181
10639274
10639279
10639287
10639288
10649968
10649969
10649973
10649976
10649980
10649982
10669561
10669562
10669566
10669567
10669570
10669571
10669572
10673099
10673103
10673105
10673107
10691681
10691684
10691686
10691690
10691700
10698453
10698455
10698458
10714492
10715143
10715147
10715148
10715156
10715162
10715164
10737738
10737741
10737743
10737744
10737747
10737748
10737749
10737754
10741545
10741563
10743949
10743951
10743959
10753461
10753466
10753471
10753473
10757709
10757710
10757728
10762038
10762040
10780914
10780916
10780918
10782686
10782692
10782696
10785418
10794681
10794687
10794701
10821703
10821704
10821708
10821717
10821718
10821720
10841790
10841791
10841794
10841797
10841798
10841800
10841801
10843224
10843226
10843229
10843593
10853660
10866377
10866390
10866400
10866403
10882357
10882360
10882362
10882364
10882365
10888324
10888325
10888328
10888334
10890161
10890168
10890169
10891107
10891109
10891110
10893307
10893308
10915040
10915043
10915050
10915060
10936213
10937709
10937714
10937720
10937721
10937724
10937732
10956183
10956188
10956189
10956190
10956192
10956194
10956195
10956198
10956207
10956208
10956215
10956220
10956222
10956228
10964567
10966747
10966752
10966753
10966754
10969967
10969976
10969986
10969987
10974196
10978184
10978188
10987417
10987424
10987429
10987434
10987435
10987445
10998059
10999477
10999484
10999489
10999999
11000005
11000006
11000009
11000010
11000046
11020274
11020279
11020288
11020289
11020291
11020292
11033082
11052787
11052788
11052793
11052794
11052796
11052797
11052799
11052804
11055331
11055333
11055339
11055342
11055349
11055360
11055361
11063600
11063602
11063609
11063611
11063616
11063624
11076551
11078189
11078197
11078198
11078200
11086722
11086728
11086731
11087559
11087562
11087564
11087571
11087580
11087581
11101348
11101352
11101354
11101355
11101358
11101361
11123985
11123994
11123995
11123996
11123999
11128642
11128646
11133070
11133071
11133072
11133073
11133079
11133081
11133084
11133090
11140732
11140733
11141112
11150167
11150168
11150171
11150173
11150174
11150176
11150177
11170626
11170628
11170630
11170642
11170654
11206439
11206456
11206464
11206473
11206474
11212102
11212103
11212112
11212115
11229744
11229754
11229757
11229759
11229765
11229772
11229779
11262079
11262085
11262089
11266156
11266158
11266159
11266163
11266164
11266169
11266174
11266178
11277515
11277522
11277527
11277528
11277529
11294383
11294385
11294396
11294398
11297447
11300867
11300876
11300879
11300881
11311054
11311055
11311060
11311066
11311071
11312774
11312914
11312915
11327580
11327581
11327582
11327585
11327592
11327599
11327600
11327601
11334558
11334561
11334568
11334570
11334571
11334572
11354356
11354366
11354381
11354383
11354384
11354385
11354386
11354387
11356100
11356102
11356104
11356113
11356115
11374954
11378357
11378358
11378366
11378373
11384236
11384237
11392531
11392542
11392549
11405645
11405649
11405652
11405658
11405659
11421736
11425523
11425527
11425545
11425546
11425547
11425549
11425550
11428920
11428922
11428923
11448219
11448220
11448222
11448228
11454468
11454470
11459636
11459639
11459653
11459657
11459663
11459669
11462973
11462975
11462981
11462982
11472216
11495578
11495579
11495580
11495585
11495592
11495597
11514143
11514149
11514156
11514163
11514164
11514172
11520196
11520198
11520202
11520205
11527715
11527716
11527718
11527726
11527728
11543683
11549449
11549450
11549460
11549462
11549463
11551758
11563927
11585441
11585442
11585443
11585444
11591507
11591512
11591513
11591514
11591519
11597412
11597415
11597417
11597422
11606121
11606129
11677136
11677140
11678659
11689074
11689075
11689079
11689080
11689081
11689082
11689089
11708905
11708917
11708921
11708932
11714602
11714604
11714605
11714606
11714608
11714614
11714615
11720851
11720852
11720860
11720866
11720867
11720869
11728181
11728186
11728190
11728194
11738564
11738566
11738567
11741470
11741475
11741488
11741489
11743738
11754577
11754583
11754589
11755332
11755336
11755343
11755344
11755345
11755353
11755355
11755361
11755362
11755364
11755365
11755367
11784139
11784146
11784148
11784153
11784158
11806709
11806713
11806716
11814775
11814780
11814784
11814787
11814789
11814791
11814801
11814806
11814807
11814808
11814815
11814827
11831890
11831896
11831911
11831912
11844681
11844683
11844685
11844688
11844693
11844699
11844701
11844703
11855983
11855986
11855991
11855993
11858990
11858996
11859005
11859009
11859012
11859013
11881985
11881988
11881989
11881994
11881998
11906279
11906280
11906286
11906291
11909701
11909711
11909712
11909724
11931612
11931619
11931620
11934576
11934581
11934585
11958976
11958984
11959005
11960485
11960486
11960488
11960497
11960500
11960503
11960505
11965361
11965364
11965368
11965371
11975483
11983514
11985472
11992769
11992776
11992786
12014951
12014954
12014957
12014961
12014970
12031315
12031328
12031332
12031334
12036349
12036351
12036366
12036368
12036376
12061874
12061881
12061885
12067554
12067557
12067558
12067559
12067561
12086475
12086487
12086489
12086495
12109901
12109910
12109911
12109914
12113813
12113827
12113834
12127505
12127507
12127516
12127521
12127523
12127524
12127534
12127538
12127543
12139445
12139449
12139454
12139463
12161112
12161117
12161132
12161137
12161139
12161153
12161155
12166930
12166933
12166939
12166943
12166944
12166947
12166948
12166953
12190302
12190304
12190313
12190319
12190321
12190324
12190325
12190326
12193019
12210991
12213053
12213054
12213055
12213056
12213059
12213062
12213066
12213069
12213075
12213078
12217362
12217372
12223444
12238915
12238917
12238926
12244092
12270166
12270178
12270192
12270193
12361385
12361386
12361392
12361398
12361401
12361403
12372503
12372506
12372512
12372513
12372523
12372524
12372527
12372528
12372532
12383006
12383009
12383013
12383018
12392730
12392732
12392747
12398547
12408713
12408719
12419381
12419390
12419810
12431050
12431051
12431062
12431065
12431069
12443771
12443777
12443781
12443787
12459017
12459018
12459023
12467613
12467617
12467625
12467630
12467633
12477342
12477343
12477354
12477356
12482417
12482418
12482427
12482435
12482437
12482441
12502307
12502354
12502360
12502365
12502367
12502370
12519057
12519061
12519062
12519065
12519067
12519069
12540232
12540233
12542356
12565923
12565933
12565939
12565946
12565947
12565962
12565964
12565965
12565973
12570379
12570381
12570383
12593644
12593645
12593647
12593650
12593651
12593663
12593665
12617898
12617901
12617906
12617914
12617928
12617929
12620070
12620078
12620079
12639545
12639547
12639550
12639560
12639561
12639562
12639563
12639564
12639574
12639577
12643898
12643910
12643919
12643928
12643930
12643939
12646022
12646029
12646032
12646033
12646038
12657261
12657267
12657270
12657271
12657272
12657282
12659774
12668001
12668005
12672226
12672231
12672238
12672239
12672240
12672245
12672246
12672250
12672252
12672253
12672255
12672258
12699394
12699746
12699751
12699757
12699759
12699760
12699762
12704428
12713409
12720388
12723940
12723949
12723950
12723960
12723961
12723962
12729639
12729652
12729659
12729661
12729666
12731874
12747775
12747782
12747783
12747784
12747788
12747792
12747793
12747794
12747796
12749888
12749892
12749894
12749896
12773038
12773040
12773045
12773047
12773048
12781173
12781177
12781180
12798324
12798330
12798333
12798334
12798336
12801223
12801225
12801232
12816539
12824014
12824029
12824033
12824036
12824042
12824044
12825922
12825932
12825935
12825937
12825944
12825950
12825951
12825954
12825957
12834274
12852748
12852751
12852753
12852768
12852944
12852948
12852951
12852967
12873480
12873487
12873501
12877586
12877591
12877594
12880313
12892559
12897767
12904061
12904082
12930138
12930145
12930150
12930153
12930155
12932138
12941314
12941317
12941324
12941332
12941333
12941338
12951084
12951088
12951100
12951108
12951112
12951114
12951128
12951129
12954048
12954049
12954050
12954053
12954056
12954059
12954062
12954066
12954070
12954071
13678399
13678407
14505636
14505654
14505672
14505677
14505678
14521403
14552752
14552767
14552774
14552778
14552788
14552792
14561081
14561090
14575438
14584934
14584936
14584943
14584946
14584948
14592479
14592493
14592497
14592501
14592510
14592523
14611837
14611849
14611858
14613313
14613317
14613319
14613320
14613328
14640553
14640558
14640559
14643308
14643310
14643326
14643327
14643336
14643338
14643340
14643346
14643350
14667212
14667213
14667214
14667215
14667218
14667236
14684309
14684321
14684324
14684327
14684330
14695789
14695817
14695818
14695824
14695828
14695830
14695840
14698155
14698157
14698161
14698163
14698171
14698188
14698193
14698197
14698198
14711299
14711303
14711314
14711315
14736232
14736234
14736235
14736246
14736254
14736255
14741259
14741267
14741270
14741297
14761188
14761195
14761201
14761204
14761205
14761208
14761209
14766749
14962382
14971892
14971899
14971906
14980661
14980664
14980668
14980685
14980696
14981513
14998319
14998320
14998329
14998332
14998339
15006383
15006389
15006391
15006411
15012992
15012993
15012997
15012998
15012999
15013001
15013010
15013021
15013022
15026036
15026042
15026049
15026054
15026055
15026066
15026074
15026075
15026077
15027849
15027853
15027858
15027863
15027878
15027881
15050613
15050615
15050617
15050618
15050621
15050626
15050637
15055988
15055991
15055996
15055997
15056000
15056006
15080972
15080982
15080983
15080989
15080992
15081010
15081012
15081023
15081025
15081027
15081034
15081038
15084116
15084118
15084123
15084129
15084133
15109634
15109656
15109658
15109661
15109671
15115388
15115389
15115401
15115403
15115407
15115408
15115409
15125923
15125924
15125925
15125926
15125928
15125929
15125934
15125950
15125964
15125971
15125974
15139753
15139756
15139763
15139773
15149640
15149643
15149644
15149650
15149674
15149678
15149681
15149687
15149693
15149704
15163177
15163178
15163183
15163184
15163190
15163201
15163203
15163206
15177445
15177449
15177455
15177457
15177460
15177461
15177465
15177481
15177485
15189033
15189035
15189038
15203160
15203164
15203165
15214774
15214782
15214785
15214786
15214791
15217290
15225699
15225707
15225713
15225720
15239649
15239650
15239661
15239663
15261264
15261265
15261266
15261275
15261292
15261294
15267228
15267230
15267241
15267242
15267247
15294000
15294001
15294002
15317450
15317460
15317467
15317468
15317471
15324873
15341479
15341483
15341484
15341489
15341490
15341491
15341493
15341933
15341934
15341937
15341938
15341942
15341943
15341944
15341946
15341948
15341961
15357956
15357957
15357964
15357973
15380196
15380198
15380202
15380206
15380212
15380218
15380228
15380232
15454210
15454211
15454235
15454236
15456244
15456246
15456250
15456254
15456262
15456272
15456276
15481977
15481982
15481989
15481995
15482906
15482907
15482908
15482910
15482914
15482927
15482932
15482933
15482938
15497939
15501046
15501049
15501057
15501058
15501065
15509165
15509168
15509177
15533054
15537337
15537339
15537345
15537354
15537355
15537357
15546707
15546708
15546711
15546718
15546719
15546726
15546737
15546739
15566284
15566287
15566292
15566302
15566305
15566307
15566309
15576036
15582404
15582434
15588074
15588075
15588088
15588089
15588097
15588100
15598563
15603952
15603958
15603960
15603967
15615513
15615531
15615542
15615544
15634000
15634021
15634023
15634024
15634025
15634027
15655528
15658846
15658848
15658851
15658852
15658855
15658871
15664803
15664817
15664818
15664822
15664848
15664850
15664857
15664865
15664867
15679319
15679320
15685167
15686876
15686885
15686896
15686900
15686919
15686927
15686930
15689157
15713370
15713378
15713381
15713384
15713396
15713400
15713408
15715457
15715459
15715462
15715476
15715480
15715488
15715497
15743177
15743180
15743193
15743194
15743196
15743197
15743201
15743203
15743210
15745801
15745810
15745825
15771414
15771415
15771418
15771419
15771421
15771424
15771426
15771429
15771431
15771433
15771443
15771445
15771447
15771448
15771450
15771452
15771453
15771462
15772071
15780607
15780638
15801819
15801825
15801830
15801831
15801833
15801839
15801840
15801843
15801844
15801845
15801855
15801858
15808453
15808454
15808463
15808471
15808478
15808481
15808483
15808487
15808489
15828816
15828826
15828832
15828833
15828847
15830466
15837297
15837314
15844951
15857110
15857112
15857116
15857121
15857123
15857126
15857134
15857139
15857143
15863297
15863298
15863308
15863313
15863317
15863334
15863335
15869877
15876531
15887953
15887955
15887956
15887964
15887967
15887972
15908209
15908213
15911251
15911252
15911271
15911274
15911276
15911279
15911281
15911319
15914001
15914004
15916415
15916420
15916422
15916437
15922596
15925511
15925512
15927467
15935659
15935660
15943470
15943471
15943474
15943478
15943483
15946842
15947036
15950467
15950470
15951171
15951175
15974569
15974571
15974575
15974579
15974586
15975787
15978806
15978811
15982875
15984054
15985434
15990298
15990306
15993060
15993063
15993065
15993066
15993068
15993589
15999987
15999995
16000006
16002289
16002290
16005215
16005216
16005222
16005223
16005225
16005624
16019211
16033255
16033256
16033264
16033269
16033270
16033275
16033276
16033279
16033285
16038549
16039528
16039849
16039851
16039854
16051487
16055331
16061378
16078824
16078827
16078832
16078846
16078847
16078848
16078855
16099648
16099652
16102966
16107147
16107148
16107152
16107155
16107158
16112861
16112864
16115767
16125392
16125933
16134928
16134935
16134937
16134942
16134943
16134944
16134948
16134949
16134950
16134951
16139501
16140009
16140011
16143522
16143528
16153830
16153832
16153834
16153837
16154744
16161991
16161992
16161996
16162003
16162016
16165350
16165358
16168646
16168649
16169215
16169218
16171993
16183021
16183273
16183275
16183282
16183286
16190749
16190753
16190757
16190764
16190768
16190769
16190770
16190772
16190774
16190775
16202585
16213710
16213718
16213721
16219463
16219465
16220976
16220978
16236497
16236499
16236505
16236510
16242328
16246552
16246557
16246561
16249095
16249345
16250633
16250638
16250639
16250643
16250644
16250647
16250654
16250666
16257207
16263278
16263283
16275086
16275090
16279764
16279768
16279775
16279784
16279794
16279795
16279797
16279803
16279804
16279809
16288880
16289815
16289819
16289820
16289938
16290142
16290143
16290148
16297617
16297618
16297619
16297621
16297626
16298130
16298525
16300945
16302792
16302807
16302808
16302812
16302814
16302823
16302825
16302826
16307878
16321523
16321528
16325401
16325402
16332435
16332439
16335915
16335918
16335921
16335927
16337122
16337790
16337793
16338239
16356715
16361098
16364639
16364642
16366590
16366592
16366605
16366607
16366610
16370372
16372404
16380251
16380255
16380257
16384700
16384707
16386419
16386900
16386901
16387492
16387499
16392789
16392793
16392798
16392810
16392812
16392816
16392820
16406613
16407990
16408006
16413782
16420041
16420049
16420060
16420061
16434192
16439120
16439121
16439123
16441078
16446090
16451049
16451050
16451051
16451052
16451053
16451057
16451060
16451073
16451075
16451077
16455256
16458003
16458504
16458505
16460937
16466915
16476733
16480260
16480278
16483774
16487705
16497499
16497500
16500101
16503138
16509574
16509587
16509591
16509592
16509596
16516472
16517596
16524729
16527482
16527483
16532013
16539372
16539374
16539390
16539392
16539400
16545955
16562853
16563764
16570923
16570926
16570928
16570930
16574411
16574413
16574416
16603356
16610792
16610795
16610801
16610803
16610810
16616489
16616492
16616493
16621538
16621541
16621546
16621556
16629828
16631366
16632355
16640325
16640326
16640328
16640329
16640330
16640332
16640337
16640339
16640346
16643021
16650763
16650985
16677814
16678408
16678415
16682185
16682191
16682196
16682198
16686529
16686530
16686531
16686534
16697186
16697187
16697189
16697192
16697193
16698264
16699172
16713264
16722631
16722635
16722652
16722654
16723224
16725323
16730981
16735511
16750359
16750363
16750366
16750629
16753296
16757170
16759094
16759099
16759104
16759105
16759107
16759111
16759113
16762548
16762550
16765047
16777411
16777413
16777416
16782335
16782336
16784853
16784855
16789729
16789730
16789738
16789747
16789750
16789752
16806922
16809034
16814542
16814543
16821765
16821770
16821773
16821783
16821785
16821786
16821788
16821797
16821798
16821801
16824752
16824757
16824759
16828552
16828557
16829954
16831551
16837197
16839761
16839763
16844375
16854050
16854054
16854055
16854056
16854058
16854064
16854083
16854086
16870427
16870431
16872138
16876993
16884289
16884312
16887348
16889959
16889960
16892344
16905316
16908150
16908151
16913699
16913701
16913709
16913710
16913721
16913723
16913729
16931008
16931010
16934456
16942026
16942031
16942032
16942033
16942034
16942039
16942040
16942873
16942875
16945525
16945532
16945533
16949282
16950617
16950620
16970391
16970392
16970397
16970404
16971117
16971119
16979339
16989522
16989524
16996734
16997559
17004710
17004712
17004724
17004725
17004728
17005394
17027263
17027264
17028066
17028581
17034120
17034124
17034141
17034143
17034144
17034146
17035013
17035026
17040210
17045477
17049248
17055724
17055726
17064074
17064075
17064079
17064081
17064910
17064916
17070047
17070057
17074479
17079142
17081751
17088069
17092714
17092717
17095215
17095222
17095227
17097877
17098427
17098428
17098430
17107792
17107797
17110106
17110115
17113298
17118654
17125264
17125265
17125266
17125268
17125271
17125273
17125276
17125279
17126021
17127059
17127069
17129725
17129726
17142049
17145787
17149858
17149859
17149867
17149874
17149875
17149879
17149880
17149884
17154491
17154494
17154506
17154512
17154515
17154518
17166723
17166832
17169555
17175160
17181138
17181141
17181143
17181146
17181158
17181165
17184135
17188490
17188870
17188873
17188879
17196385
17196387
17201416
17201419
17213311
17215127
17228858
17228861
17228864
17228865
17228867
17228869
17228874
17228880
17228884
17228885
17234406
17234413
17234422
17236763
17236777
17239589
17239595
17240142
17243660
17249648
17249651
17251022
17254782
17255098
17257841
17257843
17258456
17261802
17266201
17266203
17267217
17267226
17275837
17276685
17279740
17284021
17286392
17289383
17290978
17292607
17293109
17293116
17293875
17298045
17300165
17300166
17300168
17303418
17303420
17303428
17306548
17306981
17307358
17307360
17309246
17311371
17314042
17314043
17314044
17315855
17315859
17315860
17315987
17316912
17316913
17317171
17317173
17317177
17319687
17321139
17321742
17328523
17329100
17329101
17335183
17335185
17336520
17339114
17346959
17350253
17350257
17350267
17350835
17350839
17352462
17352463
17352464
17358051
17360666
17368898
17371869
17373783
17374486
17376695
17378544
17383180
17388627
17391962
17391965
17395470
17398090
17399987
17402721
17402725
17407275
17407276
17407811
17407815
17407817
17408249
17412584
17418570
17419053
17419056
17420073
17420123
17420211
17425296
17425299
17428659
17428923
17433695
17433696
17434731
17434872
17438061
17446069
17446071
17446072
17446076
17447752
17448575
17448658
17448659
17451234
17451235
17451272
17452063
17455928
17455929
17459702
17459705
17459706
17459711
17467988
17469811
17470817
17475488
17480064
17481893
17481904
17482462
17482463
17483457
17485205
17485206
17488103
17489581
17489582
17490877
17490886
17497806
17497839
17499511
17502136
17502139
17502143
17506540
17507221
17507224
17512197
17512199
17512730
17516639
17517506
17517509
17517514
17521907
17521908
17521912
17524641
17524982
17531480
17531483
17531488
17532215
17532633
17533126
17533127
17536794
17536796
17539620
17539621
17543523
17544272
17544280
17544282
17552509
17553679
17553798
17555306
17555308
17559206
17560788
17561404
17561406
17564423
17566735
17567119
17570665
17571866
17572094
17574410
17574413
17574414
17574418
17574424
17574850
17576067
17579383
17580847
17582659
17587570
17587575
17587578
17588748
17588750
17590335
17591763
17599916
17601735
17601739
17602544
17602602
17602796
17604171
17604625
17606915
17608398
17614275
17616394
17618123
17623649
17624788
17625813
17626010
17629487
17629697
17629699
17629700
17629702
17630725
17630726
17632003
17637506
17643986
17656360
17658253
17659872
17660385
17662603
17665891
17668921
17668922
17672444
17672446
17676726
17676727
17676831
17686765
17690258
17691718
17697781
17698848
17702750
17709247
17709461
17713896
17715128
17720492
17720493
17720494
17722904
17723300
17724146
17725337
17764163
17764935
17764936
17765546
17766106
17766107
17766111
17766112
17766114
17768047
17803293
17804226
17804228
17804229
17822897
17825569
17825570
17826096
17826993
17826995
17826996
17827000
17827018
17827019
17827022
17845848
17846138
17850055
17850056
17850058
17850060
17850061
17851080
17854166
17855087
17867663
17867665
17869100
17869101
17869521
17870212
17880055
17880057
17884493
17884494
17884496
17884497
17887659
17887741
17888659
17889543
17892934
17892935
17900912
17902637
17904370
17904842
17918824
17918921
17919913
17923491
17924616
17927164
17927165
17927167
17929793
17929795
17929797
17929798
17932033
17933528
17933531
17933541
17935988
17936633
17937987
17942307
17942308
17944454
17948975
17964783
17964784
17967001
17967536
17967540
17977729
17977730
17979261
17980586
17981041
17983754
17983755
17988766
17988877
17994679
17994682
17994683
17998160
17999967
18006194
18006322
18020390
18023181
18023192
18027904
18029172
18029178
18029181
18029187
18032038
18032040
18035543
18035544
18038967
18039010
18039571
18039575
18042383
18042389
18045744
18047262
18052090
18052314
18053713
18053732
18059262
18060775
18061451
18062664
18063364
18063367
18067242
18068274
18068993
18068994
18069094
18072718
18072720
18072721
18072722
18072730
18077160
18077164
18077171
18077343
18082401
18083578
18083579
18083580
18085744
18088090
18096386
18096387
18160284
18160289
18162395
18164199
18164618
18166466
18173231
18178088
18180159
18183944
18187324
18189346
18192087
18194864
18194865
18198821
18201064
18201065
18201066
18207395
18207400
18210999
18215519
18220330
18221879
18226896
18226897
18226909
18232650
18240382
18242088
18242984
18243711
18248991
18248994
18249540
18249546
18249547
18249549
18255290
18255291
18255292
18257512
18257545
18258439
18260615
18260618
18260619
18262416
18262425
18263588
18266313
18267361
18269227
18269229
18269232
18271519
18272364
18272373
18276137
18276139
18278854
18282705
18282756
18287036
18288792
18289859
18289861
18291644
18293909
18294849
18294852
18296055
18303826
18307287
18307292
18307293
18307303
18311909
18313294
18313297
18313931
18314943
18318463
18318468
18321038
18321039
18329267
18329269
18329886
18330978
18333607
18337096
18337097
18337104
18342403
18343671
18348906
18353639
18356044
18357976
18359227
18359231
18359630
18361484
18370374
18372081
18372181
18374569
18378447
18378452
18380425
18386881
18393401
18393464
18394884
18395300
18400335
18400499
18406014
18407692
18410082
18410083
18410084
18412316
18412317
18412318
18412395
18417343
18417347
18417348
18419108
18424134
18424135
18430570
18433113
18433114
18434149
18434164
18438404
18440098
18440813
18447380
18448337
18454143
18455407
18456500
18459760
18461921
18462938
18467103
18468445
18468446
18468891
18468904
18468907
18472187
18472268
18474428
18477512
18479920
18482837
18485702
18486277
18487043
18487044
18487050
18490160
18490168
18499305
18502123
18507369
18507372
18511157
18511284
18512901
18513967
18515099
18517187
18519723
18522867
18524592
18524604
18533708
18534847
18537233
18537234
18538451
18539028
18539035
18539453
18541432
18541433
18543899
18543900
18547807
18550372
18550373
18554904
18554907
18554914
18556208
18556210
18557607
18557608
18559524
18562201
18570364
18570365
18571404
18571420
18571421
18572932
18578472
18578476
18578477
18578478
18579386
18582436
18583130
18585036
18588282
18595693
18595721
18598015
18598020
18599160
18602261
18603331
18605714
18605717
18606542
18608743
18621528
18621536
18624395
18625557
18630892
18632269
18637668
18637670
18637671
18640038
18640043
18640044
18640835
18644719
18644726
18644730
18650095
18651727
18656911
18657980
18661965
18662878
18662879
18665579
18665582
18666769
18666770
18667310
18672365
18674898
18674902
18674903
18676143
18680274
18680275
18680276
18682323
18683917
18694645
18698758
18701276
18706809
18707088
18707879
18707880
18712856
18713665
18722115
18722119
18722120
18722130
18722768
18722772
18723350
18723354
18729349
18729350
18752940
18752943
18752947
18752948
18752952
18752953
18752961
18754582
18754612
18754613
18754614
18760600
18760603
18760923
18762424
18763755
18768318
18768319
18771255
18774291
18774292
18774714
18774720
18774793
18778943
18782666
18783204
18783208
18783211
18783943
18783955
18785726
18788723
18788731
18790643
18793858
18793859
18799310
18799312
18800760
18800762
18800763
18800769
18800771
18800848
18804369
18805008
18805694
18809326
18809332
18809334
18809672
18811133
18811134
18811138
18811139
18812261
18816044
18816139
18817363
18817367
18818087
18821747
18826295
18826296
18829308
18829312
18831576
18834105
18834111
18834188
18835161
18835163
18835172
18835174
18835176
18841880
18847250
18849166
18851913
18851914
18852280
18855374
18922693
18922694
18938077
18938084
18945616
18945617
18947224
18947992
18948001
18950150
18951020
18951790
18952324
18952421
18952440
18954038
18954042
18959400
18973168
18973287
18973967
18975927
18976906
18976926
18976927
18976929
18983139
18983140
18989912
18989952
18990569
18990576
18992967
18995929
18996701
19006286
19006671
19007109
19007202
19010673
19013063
19013691
19014884
19014885
19014888
19022666
19022669
19027293
19027295
19036477
19036582
19038547
19038548
19042134
19049349
19053748
19053757
19053758
19053762
19053765
19053768
19053770
19053774
19053780
19053782
19053784
19053825
19053888
19054673
19054678
19058967
19059776
19062273
19067522
19067538
19071020
19072055
19072118
19072235
19072656
19081254
19081257
19081260
19081720
19081725
19091559
19091563
19091564
19091565
19095444
19095447
19097777
19097778
19097783
19097784
19097888
19099466
19101143
19101144
19101156
19109019
19113864
19113865
19115816
19115845
19119012
19119848
19121937
19121942
19125610
19128016
19128055
19128970
19131247
19131248
19131251
19133775
19133776
19135377
19140664
19143566
19143569
19144449
19146417
19147349
19147351
19147366
19152787
19155177
19157884
19159187
19161278
19161308
19167884
19167893
19168350
19168362
19170521
19171482
19171483
19171484
19181527
19183043
19185490
19188065
19188071
19193059
19193160
19195898
19196515
19199782
19200721
19201190
19201198
19203271
19203272
19211245
19216563
19217280
19217284
19217777
19217781
19220018
19223092
19230680
19232492
19232787
19233647
19233649
19236017
19237282
19237285
19237286
19243173
19243937
19243942
19245211
19245212
19246009
19249138
19250824
19251413
19253970
19253983
19256502
19256504
19261477
19261479
19269171
19269817
19271701
19271735
19278853
19282174
19282175
19282177
19282184
19284718
19284749
19286376
19286377
19286380
19290594
19290642
19296599
19299127
19301821
19301898
19301902
19303309
19307116
19309152
19317445
19317449
19318248
19320488
19321349
19323482
19323558
19324548
19326916
19328001
19329313
19329325
19329329
19331412
19331413
19331415
19332369
19332374
19334715
19338355
19339177
19345582
19346128
19349178
19351113
19351168
19351180
19354254
19359175
19361209
19361210
19361985
19362477
19362480
19362836
19364645
19366247
19371039
19375914
19375920
19376700
19379015
19388677
19394217
19394832
19394833
19398200
19398343
19402630
19402664
19402665
19402666
19403308
19410451
19410454
19413310
19414255
19414267
19419141
19425598
19427222
19432421
19433358
19435366
19435668
19438238
19438240
19441819
19442525
19443215
19443216
19443219
19443228
19445453
19447034
19447610
19451305
19454369
19456097
19456099
19457661
19457667
19459652
19463000
19464172
19464189
19464889
19464901
19469479
19469545
19470507
19473029
19473848
19477134
19481449
19481451
19481941
19481943
19481945
19487123
19487124
19489538
19492813
19499950
19500885
19500979
19500982
19501513
19502054
19505081
19505824
19515560
19515567
19520572
19520574
19522500
19523833
19523834
19523837
19524331
19524437
19525110
19527048
19527931
19530697
19537798
19539407
19540759
19540762
19541482
19548687
19552431
19552432
19552436
19552437
19553107
19553110
19553112
19553113
19553114
19553115
19555163
19559623
19560354
19560918
19560919
19560923
19560930
19561619
19564110
19569717
19574055
19576766
19576786
19577344
19577467
19577468
19577933
19580286
19580319
19581100
19583260
19586773
19588934
19588945
19592242
19592244
19595591
19595596
19595599
19596193
19596197
19596576
19604695
19606869
19606870
19608304
19608418
19615897
19615899
19616432
19616955
19620007
19621878
19627147
19631529
19631535
19632110
19632829
19632830
19632840
19632842
19634902
19635669
19640706
19640707
19640720
19642675
19643610
19646869
19646882
19647429
19647430
19647907
19648007
19648014
19653626
19656686
19660947
19663387
19663444
19665384
19665823
19665894
19668195
19673530
19674894
19674898
19678644
19679379
19679469
19682912
19683441
19683449
19683451
19683918
19691331
19692247
19692248
19694468
19694469
19695884
19699640
19700318
19700319
19700325
19700330
19700331
19703027
19703767
19703775
19705871
19709783
19709881
19713110
19713111
19715279
19716297
19717214
19717215
19719235
19719240
19719241
19720528
19720539
19722525
19722526
19725578
19726200
19736007
19739647
19739672
19739674
19740657
19740658
19740668
19743865
19744859
19747834
19748274
19748778
19748780
19751980
19757839
19758807
19762126
19762239
19762240
19762245
19766010
19767206
19767208
19772289
19773162
19773164
19773175
19783434
19785435
19786348
19788200
19788201
19791743
19791746
19791802
19791803
19791807
19796941
19796944
19800231
19800790
19800791
19804970
19804971
19807094
19807103
19811913
19815410
19817444
19818611
19818613
19819702
19821562
19821575
19821577
19827750
19827752
19831390
19831400
19836232
19836233
19836247
19836949
19839592
19842660
19842669
19846239
19846299
19850473
19850474
19854049
19854053
19856955
19857969
19860431
19863083
19864135
19874206
19875205
19875281
19875287
19877643
19877691
19879151
19879767
19883085
19884004
19884012
19886609
19888760
19895505
19896374
19896386
19896843
19896846
19897364
19900813
19902968
19914063
19914068
19914076
19916528
19919895
19921781
19926281
19926484
19928767
19928862
19931453
19931463
19932615
19932617
19932964
19932965
19932968
19939513
19942441
19945867
19950901
19954247
19954248
19954866
19954975
19954976
19957930
19957998
19962305
19962319
19962892
19962901
19963378
19963380
20004096
20004584
20005096
20005103
20005115
20005704
20005711
20006495
20006498
20006515
20015647
20015649
20022503
20022504
20022749
20022752
20031401
20031403
20031406
20031410
20031412
20031420
20034793
20036131
20036561
20036562
20038106
20038125
20041669
20042333
20042335
20043678
20043680
20045315
20045321
20045337
20045339
20045641
20045646
20045649
20047331
20047779
20055417
20056539
20060623
20061068
20064717
20064718
20064719
20064720
20064722
20067271
20073471
20078106
20079636
20079638
20085328
20088512
20089400
20096593
20100662
20104850
20116907
20121115
20128594
20128603
20129791
20131864
20137926
20137935
20137937
20137938
20137942
20137946
20137957
20138512
20138516
20138763
20138771
20143779
20143782
20144865
20144870
20146480
20146481
20146482
20149649
20149651
20149657
20151671
20153188
20153189
20153652
20153963
20153964
20155917
20158204
20158243
20163116
20167483
20170099
20170163
20170186
20171098
20176478
20178322
20180564
20181479
20181486
20184326
20185311
20185312
20188547
20188553
20188574
20188579
20189404
20189815
20192225
20192242
20202838
20202853
20207138
20207151
20207539
20207541
20218620
20218622
20218623
20218624
20218625
20219367
20219369
20219372
20223662
20227876
20227878
20236734
20236823
20297846
20299215
20299218
20299227
20303752
20303771
20304639
20304654
20304657
20307065
20329799
20334371
20337371
20338757
20345101
20346653
20346659
20346662
20346663
20346664
20347297
20347298
20347301
20349953
20350005
20361800
20361801
20363131
20363132
20363635
20369879
20371139
20378347
20378362
20381361
20382019
20382527
20382540
20382541
20384344
20385496
20385498
20394377
20394422
20397705
20397706
20402514
20405922
20405927
20408529
20408530
20408549
20409707
20411954
20413312
20413314
20417098
20423086
20426456
20427100
20430616
20434333
20434909
20434910
20438080
20441176
20443629
20444602
20444610
20446681
20450197
20451394
20451396
20452209
20452213
20452768
20455563
20457517
20457519
20457525
20457527
20462211
20462217
20465311
20466542
20466543
20471258
20471260
20471829
20471831
20471832
20471839
20472430
20472448
20476738
20478710
20481538
20481570
20483601
20483612
20483614
20488718
20491477
20493686
20493692
20493697
20493713
20493718
20494575
20504026
20509659
20510622
20518620
20527893
20527970
20529687
20533380
20541425
20541426
20541935
20542439
20542694
20545322
20547453
20550119
20560595
20560643
20561786
20565075
20565336
20566292
20568781
20570511
20570529
20573508
20576573
20576578
20580236
20580563
20584610
20591666
20593789
20594862
20597489
20598533
20598555
20598882
20598884
20599386
20605099
20605276
20615697
20615702
20617791
20621473
20621478
20621488
20621492
20627564
20627722
20634067
20634080
20636331
20637607
20637635
20637637
20638290
20638755
20638843
20643546
20643547
20655218
20655748
20656482
20659802
20662542
20663668
20666457
20666484
20672822
20672825
20673729
20674358
20674373
20684563
20684600
20684606
20684615
20685118
20685120
20688519
20688523
20690635
20690643
20692738
20692833
20708929
20708933
20708942
20718492
20719507
20719508
20719509
20719511
20724150
20724153
20727744
20727749
20727752
20728351
20728354
20728365
20729082
20732813
20801028
20801030
20801035
20801048
20801551
20801650
20801662
20809632
20809633
20809634
20809642
20812727
20812729
20813522
20817325
20817520
20822181
20826090
20828128
20829430
20832326
20833036
20839776
20843687
20843691
20845907
20845959
20846861
20846865
20850307
20850972
20850973
20851601
20851614
20857909
20857912
20860381
20864344
20869242
20873719
20875743
20875744
20880707
20888240
20888243
20888762
20889347
20925410
20925434
20926294
20931963
20932009
20932609
20932745
20932750
20932767
20933409
20934334
20934789
20937560
20937561
20942472
20943290
20943404
20945906
20951033
20951036
20951584
20952195
20958049
20961090
20961756
20965739
20971001
20971003
20971004
20973548
20974532
20979364
20979417
20980153
20980155
21028889
21030254
21030255
21036044
21044842
21044843
21047106
21047126
21053897
21055848
21055932
21055933
21055954
21058665
21067182
21067920
21071232
21074424
21074428
21074998
21075638
21090651
21093118
21093272
21093273
21094607
21105677
21106375
21109432
21111618
21112782
21115245
21115247
21115248
21115285
21115794
21116453
21117646
21126874
21126875
21126878
21128592
21128593
21128594
21128663
21129985
21129986
21133364
21134748
21134749
21138273
21141920
21144757
21145738
21145740
21146984
21146989
21147530
21147532
21159507
21163647
21163663
21167710
21168764
21183257
21183342
21183344
21185183
21185184
21185185
21185722
21186123
21186795
21189020
21190848
21190851
21190859
21193308
21193310
21194956
21195612
21195614
21207957
21207959
21210664
21211969
21211981
21214204
21214253
21215624
21215643
21216504
21229979
21229983
21232965
21235243
21247164
21251825
21251828
21256034
21273071
21275367
21275403
21277199
21277204
21280602
21286238
21287991
21292483
21295470
21295475
21295478
21295978
21306167
21306898
21310610
21310612
21315584
21316220
21316222
21316962
21316964
21319801
21320781
21320783
21322567
21324689
21324691
21330014
21330016
21333408
21334118
21334890
21334892
21334894
21334902
21338114
21341671
21344069
21348462
21348515
21349610
21349709
21349712
21349714
21351746
21353350
21353540
21353545
21353570
21353571
21353774
21354793
21361292
21366266
21366296
21366332
21375264
21376585
21376604
21376605
21388142
21388809
21388815
21392858
21392859
21392988
21395312
21396745
21396815
21397997
21398121
21398124
21401121
21411321
21411322
21413799
21413800
21413804
21414780
21414781
21417348
21419634
21420204
21420298
21420861
21421318
21422191
21428295
21428406
21428410
21428449
21429632
21438532
21438541
21439820
21440338
21444132
21446649
21446715
21449597
21450467
21453995
21454582
21456601
21458259
21458260
21458261
21459579
21469694
21470862
21470866
21473625
21476493
21478020
21481497
21481592
21481987
21482446
21482470
21486038
21486697
21493064
21493066
21493077
21495689
21498079
21498080
21504156
21507636
21507642
21511945
21514014
21514824
21514979
21515051
21515053
21520940
21524149
21524503
21524576
21524581
21524587
21531137
21531141
21531556
21536445
21539377
21546249
21549456
21550699
21555222
21557540
21561086
21565497
21568291
21570288
21570305
21570852
21570853
21576018
21591752
21592794
21594962
21596562
21596563
21599022
21601317
21601454
21605973
21612300
21612933
21615147
21615150
21616665
21616671
21618986
21619066
21621410
21623630
21634377
21634396
21641219
21641696
21641798
21650221
21657202
21657270
21661758
21661760
21664013
21664729
21666830
21667972
21675776
21675777
21676612
21683484
21684157
21684636
21684752
21689940
21692479
21696955
21696963
21696964
21699209
21700453
21702498
21702499
21703856
21711054
21723120
21726069
21726077
21728335
21732626
21737265
21737266
21737272
21737285
21737287
21741237
21741247
21741249
21741250
21741835
21742496
21744827
21744858
21751815
21757343
21764185
21764305
21774748
21775151
21777010
21778063
21780776
21782424
21782429
21782430
21782432
21782456
21783360
21783361
21783363
21786805
21788135
21788137
21790126
21802292
21802308
21802309
21802950
21802951
21803462
21806016
21807525
21813276
21816515
21820769
21820898
21821420
21823597
21824692
21824773
21824774
21824776
21831639
21835510
21838322
21838328
21841963
21843941
21848665
21852130
21855337
21856163
21858244
21859078
21859099
21863888
21864951
21865047
21866885
21866910
21868220
21868239
21870874
21870877
21870878
21871797
21872477
21873051
21873053
21873071
21875063
21875798
21879757
21880487
21885288
21888437
21889335
21889337
21899370
21899931
21902175
21902235
21903399
21903401
21905669
21905730
21905739
21906941
21906953
21907583
21908194
21916402
21916421
21916484
21916510
21917454
21919481
21920744
21920751
21920761
21923116
21923175
21923187
21924609
21924902
21925887
21926995
21927646
21928839
21930381
21930387
21937153
21937154
21940173
21942635
21944287
21944852
21944853
21944855
21944856
21944973
21955454
21955456
21955944
21958292
21958337
21958540
21962147
21962575
21962578
21965623
21967807
21970471
21972996
21974952
21975065
21975069
21978284
21978678
21982496
21982500
21982795
21983444
21986237
21996466
21996467
21999579
21999614
22000209
22001031
22001094
22001326
22001327
22003817
22003888
22004849
22007643
22014550
22014551
22014558
22014755
22018463
22018787
22018918
22019296
22023459
22024030
22029386
22030028
22036212
22037049
22039836
22039961
22044209
22047606
22047688
22047689
22047691
22047692
22047797
22050212
22055714
22055716
22056744
22059882
22074142
22075234
22078216
22079253
22079756
22082561
22085339
22100137
22100258
22100260
22103243
22104008
22106937
22107017
22115617
22119341
22119465
22119466
22119468
22119471
22119474
22122563
22123324
22125662
22128783
22130135
22133459
22136765
22142423
22142542
22142545
22142613
22145629
22148859
22153347
22153663
22153937
22153942
22169600
22169601
22169633
22170047
22172308
22172309
22172695
22175766
22177081
22177408
22178551
22178554
22180836
22182575
22182578
22185282
22185522
22189135
22189138
22189275
22196117
22196514
22197136
22197137
22197141
22197670
22204739
22204740
22204910
22209206
22209458
22209730
22214210
22220592
22222032
22222138
22224640
22225576
22225639
22226655
22226656
22227463
22229669
22236472
22239250
22242551
22243489
22243528
22243698
22243960
22244072
22244937
22244939
22245230
22249122
22250781
22257095
22260203
22261023
22263872
22263894
22264170
22264478
22264485
22266037
22266038
22266039
22268448
22277589
22281189
22284817
22290075
22297111
22300887
22301214
22305342
22305493
22309223
22309909
22309912
22313242
22316010
22318159
22321213
22321216
22325943
22325948
22325949
22326166
22326396
22329602
22335555
22335602
22335895
22336245
22336385
22341244
22341572
22341895
22342268
22342626
22344701
22352782
22352868
22352892
22356915
22357342
22361135
22361685
22364337
22365751
22365760
22366657
22369198
22370265
22370270
22370341
22372835
22377671
22377675
22380603
22380653
22380680
22380770
22381048
22381672
22385498
22386241
22386979
22386981
22390415
22394120
22398259
22405286
22405832
22405833
22410083
22420844
22421019
22421020
22424612
22424974
22425346
22428944
22429470
22429471
22437109
22437111
22437117
22439881
22439974
22440625
22442751
22444026
22444677
22445285
22445286
22450133
22455789
22460026
22460029
22464130
22464456
22464684
22468757
22468936
22468970
22475216
22483586
22483590
22483967
22486652
22487174
22489952
22490010
22490048
22490067
22490229
22494842
22503231
22503460
22506594
22507206
22512505
22512908
22515405
22516281
22520153
22534450
22536944
22537153
22537450
22537682
22541041
22541068
22542010
22542282
22542283
22546204
22546206
22546668
22548439
22548457
22551631
22552196
22559880
22560471
22560627
22563707
22568637
22571451
22574973
22578458
22578786
22582136
22587443
22591730
22594609
22607668
22607670
22607672
22607684
22608762
22608919
22608962
22612866
22617490
22621422
22625994
22632094
22632933
22642259
22642365
22647721
22650177
22650305
22651858
22652053
22652255
22658558
22664127
22677030
22677316
22677527
22683222
22683241
22691057
22694093
22695132
22703703
22703704
22708876
22708927
22712585
22712652
22720744
22721924
22724433
22726929
22727371
22727372
22727639
22727645
22727780
22731815
22732695
22734622
22734650
22738238
22738271
22738316
22738628
22738638
22739084
22739089
22742586
22742909
22746295
22746350
22748706
22749278
22749391
22749641
22749869
22750010
22750139
22765893
22766219
22771010
22776417
22779424
22779702
22783984
22784008
22793499
22793665
22796181
22796184
22800498
22809299
22809559
22818040
22819505
22822714
22827545
22831799
22831801
22831803
22832311
22832315
22834877
22835870
22840695
22841436
22845053
22846798
22850210
22853801
22853998
22854677
22861193
22866979
22871578
22871580
22871582
22876881
22884353
22884355
22884988
22889351
22889387
22889560
22898529
22901387
22901671
22901900
22902658
22902659
22904561
22913577
22916707
22917520
22920039
22920150
22921089
22924094
22924342
22924688
22924785
22926069
22926225
22928876
22928944
22931505
22932315
22932317
22944118
22944772
22951074
22957890
22957923
22959244
22959245
22959246
22959526
22961681
22963764
22966938
22967796
22967810
22974325
22975593
22980219
22981332
22982525
22984835
22984902
22985069
22985961
22989911
22992024
22995061
22995620
22998443
23002419
23006002
23006041
23009245
23010264
23013229
23016952
23017078
23017884
23018093
23018094
23021991
23022052
23022277
23025786
23025891
23025998
23030502
23031591
23033965
23034936
23036333
23036955
23040895
23041041
23043222
23043264
23043306
23043420
23043442
23046966
23049232
23062820
23062824
23063522
23066448
23067318
23072213
23072339
23072958
23073734
23075067
23075267
23083016
23083093
23083119
23084435
23085772
23088558
23092294
23094992
23098038
23098108
23098137
23098605
23099096
23102207
23102273
23103094
23103095
23116124
23116889
23116890
23116891
23121096
23122859
23124214
23124215
23126648
23131340
23131341
23131342
23132334
23134120
23140383
23141912
23141913
23142613
23142615
23142617
23142618
23145215
23145773
23145816
23147076
23147077
23149229
23150943
23151054
23151085
23151320
23153230
23164658
23168018
23171656
23177783
23194448
23199475
23199485
23200243
23200250
23200253
23206861
23206862
23214511
23214979
23218601
23218604
23218776
23218778
23227781
23228808
23231967
23232056
23234271
23237836
23237976
23241029
23245208
23245510
23245803
23245804
23250418
23252711
23252794
23253074
23253443
23256554
23259865
23265880
23265881
23265885
23265893
23273606
23275802
23276448
23279866
23281824
23287055
23294348
23294701
23301527
23301767
23312611
23317570
23324405
23332346
23333208
23336033
23336362
23337801
23342198
23344363
23347683
23350768
23350847
23352481
23352509
23352510
23353740
23353756
23354070
23357038
23357307
23357634
23360448
23368907
23374868
23375092
23376252
23379472
23388705
23394318
23395660
23395965
23398373
23398473
23399722
23401473
23402383
23403082
23406429
23406460
23409871
23414088
23414235
23414839
23414842
23415062
23419026
23419736
23427825
23428965
23432124
23433670
23434135
23434225
23434637
23438330
23445448
23448267
23448346
23453843
23454515
23461628
23462714
23465610
23465801
23466225
23466226
23466228
23466604
23470245
23473309
23473945
23474898
23477419
23477943
23477945
23480235
23488743
23489633
23490150
23490154
23499503
23507153
23514631
23516963
23517479
23521048
23523385
23524160
23527317
23527816
23528296
23534475
23535326
23537943
23540678
23540955
23541669
23541835
23542166
23547584
23548164
23550966
23558237
23560650
23561269
23562063
23566245
23570514
23574807
23575276
23578689
23581491
23582444
23582449
23583910
23585918
23587424
23591110
23591112
23597047
23597792
23598249
23598250
23600806
23600925
23601708
23601816
23602444
23602445
23606928
23614528
23618707
23618710
23621789
23623258
23623415
23623416
23623418
23623679
23623711
23628336
23631427
23632269
23641311
23642479
23644197
23651509
23656296
23656360
23659286
23659858
23664164
23664880
23665143
23668417
23668989
23673220
23675993
23678871
23680866
23682308
23683591
23683593
23684894
23685177
23685887
23687559
23692872
23697626
23711770
23712084
23713567
23721423
23721804
23721919
23726344
23727194
23727536
23730937
23734634
23734673
23735006
23735282
23735830
23743277
23743287
23746475
23747805
23750537
23755884
23756063
23756368
23769168
23769642
23769643
23775075
23777828
23787099
23787101
23787288
23787290
23789814
23789857
23792350
23795283
23795771
23800686
23802889
23803585
23806554
23807113
23808489
23809172
23810496
23822179
23822516
23837744
23845180
23845219
23849204
23855811
23859149
23859778
23860591
23865723
23871442
23879299
23880358
23886687
23886690
23886812
23888932
23891186
23895492
23896610
23899349
23899615
23902232
23906342
23919353
23920439
23927974
23932788
23935097
23947754
23948248
23953189
23953686
23956101
23958516
23964901
23964961
23973211
23974015
23974016
23977883
23978359
23981033
23981088
23981530
23988352
23992105
23993667
23998921
23999047
24007859
24012118
24012181
24018188
24021582
24028535
24035337
24035485
24041123
24044354
24044867
24047231
24047900
24050653
24050790
24050887
24053596
24055075
24062308
24063417
24071445
24074843
24074876
24074877
24075145
24075732
24076172
24077183
24077529
24083878
24084296
24088171
24090135
24090364
24090913
24092756
24095010
24095014
24095744
24100077
24100078
24102143
24103580
24107104
24111942
24112084
24113240
24120540
24121503
24124919
24125850
24125884
24126916
24128813
24128816
24133207
24138311
24139167
24139169
24139584
24139843
24140446
24140950
24141201
24144240
24144404
24144853
24145137
24156012
24156938
24157365
24160350
24161678
24161834
24164086
24164581
24171469
24175626
24176400
24182233
24187998
24189496
24195776
24200808
24211020
24211641
24215892
24216094
24220171
24224763
24228714
24231362
24237160
24238901
24239186
24251366
24262882
24262884
24262886
24262888
24266709
24269480
24269482
24269511
24273637
24274400
24274468
24286207
24290063
24290064
24292338
24300918
24315194
24316025
24316669
24321344
24325578
24326276
24328103
24328113
24331758
24332089
24332093
24332486
24332493
24332624
24332628
24332652
24342240
24345087
24351031
24354364
24365159
24365161
24365162
24367923
24368028
24370012
24374272
24374277
24378707
24378711
24387159
24392688
24405707
24411196
24412068
24417533
24417566
24422550
24424134
24446728
24456116
24456245
24456490
24461352
24462664
24468632
24471816
24471976
24479418
24482730
24486131
24487191
24491146
24494745
24495018
24495863
24502334
24508127
24508140
24513042
24518296
24518874
24520947
24527772
24527807
24530227
24531199
24531229
24556146
24556147
24559051
24560538
24560539
24564570
24565968
24568631
24580635
24582476
24582985
24583352
24597921
24602401
24611085
24613378
24613457
24613701
24617836
24618300
24625069
24630562
24630694
24631727
24634223
24641103
24641190
24648867
24649848
24650640
24650714
24657049
24657054
24666157
24669958
24670009
24675175
24675176
24678947
24678969
24685539
24685542
24685544
24690494
24690529
24691057
24695735
24697311
24703233
24704027
24704030
24707807
24712832
24717153
24719329
24725435
24726306
24729834
24735492
24735646
24735647
24742174
24742681
24745967
24754609
24758746
24761755
24763360
24769348
24773054
24773549
24773565
24779610
24785301
24792774
24794104
24794110
24794745
24798019
24799086
24800940
24800942
24801610
24805037
24813741
24813882
24815000
24821398
24825301
24827597
24831513
24831693
24835200
24835980
24835983
24837158
24839540
24840014
24842618
24844195
24844758
24847974
24848155
24856182
24856183
24856302
24856674
24859762
24871995
24878269
24900203
24900205
24900210
24900216
24900235
24900253
24900254
24900255
24900272
24900275
24900277
24900280
24900283
24900284
24900286
24900292
24900294
24900297
24900298
24900313
24900315
24900318
24900321
24900329
24900333
24900334
24900338
24900340
24900341
24900349
24900351
24900353
24900360
24900362
24900382
24900387
24900400
24900425
24900432
24900442
24900450
24900454
24900458
24900459
24900461
24900466
24900474
24900480
24900484
24900499
24900501
24900506
24900524
24900547
24900561
24900572
24900582
24900587
24900588
24900589
24900597
24900602
24900604
24900643
24900647
24900677
24900715
24900717
24900720
24900736
24900748
24900757
24900761
24900770
24900773
24900779
24900783
24900790
24900793
24900795
24900821
24900835
24900840
24900842
24900845
24900848
24900853
24900862
24900874
24900877
24900878
24900880
24900883
24904968
24908653
24909677
24909680
24911527
24913984
24916029
24918545
24922543
24926891
24931275
24933507
24936059
24936232
24936240
24936678
24937104
24942641
24944737
24944744
24944745
24944746
24944750
24950374
24955776
24960305
24967667
24969015
24969016
24972108
24972328
24973660
24973818
24974342
24974351
24976941
24980056
24983484
24984935
24988361
24992070
24992073
24992374
24996139
24996140
24997293
24998602
25012568
25016376
25017029
25017030
25019477
25025595
25032784
25037917
25042255
25047579
25047937
25047940
25048712
25050158
25050159
25050161
25050162
25050166
25050880
25051097
25051243
25062506
25063944
25065493
25065940
25068033
25068893
25070422
25072877
25073094
25075638
25075977
25076379
25079952
25087047
25087049
25096297
25101488
25101911
25102418
25113932
25121964
25126833
25127101
25127148
25127461
25128671
25129170
25133923
25134064
25147147
25147602
25147605
25147609
25147929
25149506
25157640
25162172
25164761
25168746
25172149
25176190
25178155
25181013
25182564
25187277
25191940
25192059
25193229
25193297
25218907
25219901
25221658
25221662
25221664
25221665
25221666
25232966
25234128
25238555
25247671
25248678
25248679
25248680
25254640
25259513
25259627
25259874
25261823
25261928
25262541
25267004
25268943
25275964
25277066
25281269
25282262
25283554
25284251
25288493
25304894
25308766
25310383
25318072
25330258
25333769
25341194
25343529
25349648
25352216
25363711
25369539
25383422
25384256
25389560
25406853
25406944
25408831
25408841
25420090
25422861
25423286
25431977
25432025
25435145
25435254
25437503
25437504
25437505
25437506
25438767
25442307
25453791
25453817
25454272
25454499
25455484
25455490
25456075
25456083
25458498
25461306
25461308
25462223
25462231
25462240
25462268
25462269
25462276
25466177
25466197
25468036
25470070
25478907
25486424
25487422
25488844
25489882
25490054
25490760
25494650
25495129
25495612
25497490
25499438
25513712
25513968
25516784
25516790
25521963
25522204
25528333
25528334
25530833
25544687
25549552
25555143
25555732
25556092
25556095
25556097
25557493
25559207
25562563
25564378
25565255
25569119
25569308
25577040
25583099
25589925
25589926
25589936
25590655
25591066
25593096
25593098
25595684
25599950
25599952
25602637
25602932
25613676
25613679
25614116
25618019
25625541
25627172
25629256
25629394
25630223
25633494
25633969
25634295
25637882
25642985
25643074
25646649
25648685
25650254
25650314
25655721
25658964
25666912
25668242
25671290
25671648
25678014
25679268
25684421
25684690
25686851
25690789
25695425
25698617
25699143
25699147
25699148
25699149
25699151
25699152
25699154
25699637
25701254
25703248
25703249
25703296
25708618
25711516
25721024
25725375
25728028
25730262
25734236
25737085
25738750
25738882
25743214
25746740
25746813
25746814
25752422
25752982
25752984
25754491
25757603
25757604
25759032
25760146
25763473
25766632
25768699
25768701
25774991
25778769
25780876
25783191
25791451
25793650
25794791
25800115
25801932
25808573
25815138
25815140
25817240
25818461
25826710
25827398
25827402
25839426
25850459
25856547
25862198
25862209
25866241
25866242
25874336
25874338
25879485
25882526
25882527
25882530
25890698
25893046
25893048
25897973
25898023
25898137
25900219
25901762
25905598
25909279
25914804
25923950
25935384
25935642
25935643
25936259
25941557
25950914
25953512
25958245
25965777
25969169
25978072
25981685
25991431
25992880
25993395
25996309
25998502
26000707
26005521
26005522
26005524
26005531
26005533
26005537
26014480
26023814
26035239
26035635
26042340
26042529
26045032
26046697
26048791
26048798
26048800
26048804
26051602
26071858
26077492
26081758
26087021
26091726
26099069
26099534
26100441
26101564
26101565
26101569
26105194
26112443
26121481
26125201
26125327
26134550
26138195
26141910
26142318
26142947
26145819
26149623
26153715
26161252
26164842
26177091
26177193
26181851
26189078
26191358
26191360
26191361
26191365
26191370
26199120
26200936
26203768
26206427
26209834
26210506
26211459
26212775
26212776
26216015
26218343
26218460
26218650
26218651
26225459
26225816
26227772
26227779
26231155
26233799
26236460
26238322
26252963
26258602
26267383
26270954
26271587
26271588
26275680
26275681
26277760
26278029
26288216
26288260
26288682
26288683
26288685
26288692
26295173
26298493
26299826
26299827
26301554
26303893
26308095
26313252
26313429
26316468
26317331
26318067
26320621
26321361
26323872
26330078
26331426
26334942
26337019
26342544
26344596
26344911
26346669
26348111
26355532
26356532
26360048
26367450
26372073
26383127
26384288
26385444
26386604
26390077
26392370
26396680
26397395
26403932
26411794
26411795
26430967
26433631
26435514
26442778
26448038
26456805
26461041
26462195
26465170
26466164
26469743
26471092
26473791
26475518
26479029
26483200
26486225
26488902
26491810
26494260
26497283
26502061
26505788
26509640
26513641
26515040
26519929
26522948
26524472
26525865
26526744
26529344
26531150
26540564
26542966
26555041
26555154
26561979
26562543
26568411
26580420
26580980
26590100
26592528
26598975
26599352
26611918
26613420
26627579
26629594
26630444
26631321
26631441
26632862
26638043
26652588
26652717
26652860
26653735
26653877
26654202
26656913
26681404
26683992
26684851
26689671
26690914
26696402
26698537
26700945
26701186
26704264
26704267
26704965
26706111
26706173
26706177
26706350
26706352
26707399
26707842
26708111
26709102
26711151
26712115
26713103
26713104
26713106
26717203
26717207
26718844
26723530
26731168
26734723
26736071
26741166
26741853
26741855
26745812
26748694
26750251
26750254
26751161
26751273
26756097
26756468
26761776
26762835
26771245
26771861
26774652
26774927
26776359
26778657
26780304
26781932
26785295
26785296
26786693
26789203
26789378
26789491
26794040
26796065
26804231
26814576
26818999
26819658
26820449
26820556
26822568
26824386
26824643
26824742
26827137
26832218
26850005
26851736
26852005
26854379
26859603
26860926
26862767
26862980
26874044
26876931
26878194
26878436
26881908
26888301
26890113
26890707
26894427
26896706
26898379
26900658
26900711
26901666
26906474
26907156
26908025
26910725
26912202
26917221
26922225
26922232
26924461
26927866
26931395
26935940
26944625
26947609
26951753
26951894
26954848
26958703
26959173
26966993
26974375
26974376
26974384
26978121
26985292
26985306
26985309
26985312
26985316
26985317
26985967
26986036
26988801
26990539
26991939
26994846
26996373
27003636
27004954
27007611
27007871
27010500
27017115
27017541
27017548
27017549
27019296
27020524
27020685
27025340
27027817
27031216
27032890
27035329
27035422
27039250
27040659
27041397
27041399
27043173
27043269
27050782
27055941
27061977
27061981
27061986
27070999
27072910
27074627
27075813
27078864
27079125
27080176
27080180
27090556
27094954
27096039
27096041
27096047
27096053
27106710
27108399
27112449
27115835
27117261
27117263
27117424
27117428
27117431
27120257
27120798
27124340
27128181
27128978
27131621
27132867
27133596
27140209
27143133
27144831
27148755
27153347
27155467
27155469
27155470
27155760
27156565
27159637
27160054
27160055
27161876
27161878
27167172
27171036
27185012
27189675
27190598
27190600
27200176
27209562
27212067
27223253
27227314
27227326
27232055
27234885
27239696
27240274
27241692
27253989
27255177
27255178
27256912
27261181
27262426
27262595
27265687
27266371
27266998
27282729
27283261
27289320
27289323
27297999
27298001
27299736
27301366
27309150
27309376
27309570
27309907
27311891
27312113
27312422
27317643
27318552
27318976
27321813
27325446
27326330
27326337
27326339
27331270
27353534
27362876
27363938
27364609
27366902
27367336
27369451
27374241
27377863
27390919
27391135
27394666
27396505
27396684
27409517
27413802
27426302
27428767
27434274
27436807
27437076
27437080
27439119
27441383
27445168
27448772
27448773
27448917
27448919
27458733
27474922
27475109
27479483
27480029
27482723
27485386
27485602
27487565
27490827
27490956
27496071
27496211
27496213
27503678
27508895
27509198
27512831
27524311
27528434
27535613
27541265
27543433
27543880
27546834
27547295
27548392
27555284
27556704
27560280
27560283
27563400
27564135
27567078
27567368
27573544
27579727
27584694
27591013
27592390
27595330
27595538
27598236
27599745
27607020
27608177
27614411
27622746
27624080
27624520
27624523
27626828
27636002
27639361
27639363
27643714
27647372
27654218
27658369
27658798
27660683
27660693
27662034
27665178
27669815
27676089
27676184
27676471
27687671
27687971
27688181
27688189
27689727
27690430
27692545
27692547
27692832
27709945
27717544
27717652
27718472
27718474
27720326
27720549
27720555
27721146
27721147
27721150
27721154
27726358
27727125
27739679
27739690
27749056
27765511
27766867
27769621
27769670
27769671
27774124
27774136
27776274
27779399
27783978
27789137
27789141
27791374
27797517
27810599
27815120
27818109
27836398
27836399
27836401
27838169
27838170
27839686
27839919
27842797
27842891
27855359
27855360
27856084
27864071
27865645
27866818
27876250
27876317
27894044
27894870
27899265
27908761
27914362
27914948
27933810
27933897
27933960
27933962
27933965
27939174
27940419
27956039
27958732
27966945
27983845
27988463
27994726
27994728
27994732
27994738
27994739
27994742
27994746
27994757
27996267
27997171
28002964
28002967
28005385
28011222
28029458
28039837
28041833
28043794
28045524
28045525
28049589
28051300
28051871
28055204
28063784
28072531
28076826
28085283
28085286
28088085
28103025
28105278
28110869
28111141
28112924
28114273
28117994
28118010
28122457
28124907
28128562
28131094
28131713
28135089
28135237
28135685
28152427
28156111
28161249
28165739
28169162
28174065
28174066
28177632
28182408
28186762
28196708
28206758
28208018
28212015
28212021
28214075
28216403
28218838
28236593
28237554
28237793
28238512
28244748
28248104
28252961
28254377
28256374
28273563
28274674
28280261
28284095
28284861
28284867
28291340
28291344
28291693
28294609
28300398
28302510
28314512
28318893
28318942
28319389
28319392
28320613
28320616
28337320
28337332
28339199
28341403
28342939
28347632
28351592
28351607
28368584
28368607
28372935
28375629
28377055
28380296
28385503
28388054
28390229
28391970
28392275
28404523
28406627
28406629
28406646
28408190
28408223
28415011
28418653
28421763
28427812
28431879
28435524
28435535
28435536
28441580
28445046
28445047
28447789
28447791
28453292
28454849
28462834
28462837
28463515
28463783
28475329
28478926
28478927
28482155
28485590
28487075
28489379
28493698
28495085
28495386
28499171
28499731
28501431
28505447
28505537
28505538
28506753
28512028
28522253
28522254
28523097
28523109
28523115
28529043
28530802
28532668
28535469
28537398
28539220
28557430
28561591
28571972
28574706
28575721
28582670
28587461
28587871
28590753
28595015
28596054
28598634
28602640
28606760
28608697
28609709
28624702
28626519
28626523
28626527
28628334
28633897
28636348
28644987
28650650
28650658
28654265
28657311
28657320
28657744
28662966
28666858
28675836
28684122
28685579
28686445
28689977
28692292
28696695
28699740
28704052
28704758
28712298
28712845
28719185
28720503
28722414
28728107
28731336
28734245
28734666
28735214
28738307
28739155
28740600
28745513
28745893
28750312
28754363
28756263
28757062
28757100
28759215
28759875
28759878
28763213
28764962
28771357
28774425
28776992
28784429
28787156
28789895
28792219
28792759
28795803
28796496
28797770
28797771
28799755
28800229
28800452
28801066
28803677
28806076
28807575
28811133
28811134
28813605
28814374
28817277
28820267
28822281
28825813
28826086
28835798
28835802
28837922
28850227
28870802
28876062
28881288
28882502
28888661
28888822
28892388
28911822
28917449
28918096
28927786
28927791
28927794
28943244
28945083
28947947
28953378
28953386
28954197
28958623
28958625
28977749
28985999
28987611
28988626
28988628
28988629
28991462
29016121
29019697
29023121
29028172
29029933
29031071
29031075
29032032
29039662
29039668
29045152
29046238
29050783
29051383
29053268
29057039
29057057
29057060
29079014
29089259
29091425
29091428
29094937
29094944
29100801
29102176
29107424
29107425
29107427
29110989
29111736
29120624
29125295
29125744
29125762
29126725
29126728
29128116
29133048
29136465
29138029
29144746
29146472
29152051
29153425
29156136
29157685
29172528
29174506
29178785
29202403
29202407
29202410
29205034
29207335
29207342
29208522
29211480
29216560
29220177
29220788
29227643
29229226
29232514
29232588
29233590
29236497
29240420
29247859
29248353
29249563
29251928
29253340
29254894
29254895
29257884
29259748
29259753
29268131
29269256
29273415
29273417
29279243
29279275
29280630
29283260
29287249
29288071
29288948
29289890
29291372
29291438
29291439
29291443
29293004
29294275
29300474
29306837
29309142
29314840
29329002
29329072
29335207
29335214
29345930
29350927
29357250
29360044
29363967
29364664
29370702
29384668
29396363
29397723
29400965
29400967
29407590
29407591
29407965
29421567
29424542
29425443
29425815
29425816
29429832
29438891
29439902
29451785
29451794
29456112
29456792
29456796
29457982
29459144
29459145
29461833
29466002
29477072
29477074
29477889
29478802
29482951
29486969
29486970
29494768
29500940
29505935
29509411
29518312
29523385
29523467
29523469
29525433
29529501
29534934
29541350
29541369
29545101
29574203
29578343
29579390
29589445
29595267
29602673
29608300
29609119
29614417
29617135
29620890
29620897
29622412
29627261
29627981
29628326
29628327
29630364
29630366
29631959
29631961
29631962
29636218
29636220
29649744
29650463
29652494
29656199
29660981
29665527
29670706
29671588
29672049
29677635
29679900
29679901
29681156
29681486
29688015
29689474
29699923
29701475
29706527
29706529
29709252
29709253
29718668
29723785
29730027
29730188
29737846
29751234
29751237
29753566
29759799
29764742
29767967
29767995
29771541
29784274
29792714
29793210
29795756
29795762
29795766
29798825
29798827
29805074
29809004
29847724
29851477
29851481
29853330
29853337
29853338
29853339
29856625
29858157
29860841
29863360
29870258
29879354
29880250
29880399
29886082
29886732
29887511
29901392
29902723
29908442
29909340
29909635
29910079
29920093
29924931
29929882
29932656
29936834
29939744
29939746
29940462
29941193
29945757
29945795
29952567
29953809
29954682
29960729
29965759
29969029
29969030
29985601
29986142
29989811
29989817
29990431
29995405
30006163
30006168
30007567
30011199
30011368
30015487
30016091
30017112
30025348
30025902
30026041
30028132
30034593
30034600
30034601
30035538
30035545
30036059
30048132
30048589
30052039
30054192
30055889
30067358
30076000
30077609
30080045
30080404
30096653
30098482
30098866
30103189
30103193
30106578
30122284
30126274
30130718
30131240
30131242
30137981
30139550
30141927
30143366
30143421
30144699
30144700
30145373
30148362
30170321
30180563
30188719
30196704
30199635
30199637
30199702
30199703
30215258
30217464
30223118
30223122
30234987
30240563
30243151
30243589
30245006
30245394
30247908
30248655
30253886
30256641
30258529
30262428
30266542
30268701
30270002
30281308
30293797
30297119
30297283
30297284
30300845
30301676
30317024
30339387
30340900
30344905
30344910
30350997
30351001
30351003
30359820
30366253
30366617
30368131
30376325
30383372
30384041
30384048
30385160
30385161
30385226
30388007
30389290
30395477
30403486
30404719
30407821
30409535
30429952
30431269
30442505
30445265
30446313
30447434
30448256
30453248
30463802
30469042
30476826
30480443
30480444
30499663
30502116
30503411
30503938
30503939
30508668
30509781
30522056
30522957
30525603
30529543
30530196
30543421
30543440
30545651
30552009
30553143
30554955
30554957
30562697
30571123
30576906
30579791
30579799
30582807
30583970
30594029
30596500
30597325
30597328
30600149
30605331
30605830
30608693
30611057
30613319
30615445
30615452
30620194
30624919
30629436
30638876
30639897
30645111
30653317
30655951
30655953
30655954
30655957
30660499
30681854
30684797
30685525
30686752
30689946
30690406
30703658
30707578
30714733
30715876
30716713
30718063
30721053
30731399
30733087
30735385
30737135
30744931
30753076
30763817
30777661
30785748
30792106
30798053
30802730
30803804
30808606
30816712
30822708
30824200
30826188
30827105
30833109
30835463
30844609
30852901
30869888
30869893
30875219
30878832
30879862
30883109
30884327
30888810
30891123
30891130
30895781
30896946
30904383
30904783
30909021
30916555
30916966
30924650
30925062
30925337
30925338
30925341
30928713
30929436
30933853
30939008
30939014
30943028
30943029
30943032
30951311
30952590
30955995
30956011
30964283
30964292
30964295
30964988
30978559
30981577
30987780
30995568
30996778
30996802
30998358
31002508
31005444
31009908
31012583
31014565
31021617
31021626
31042379
31042381
31042618
31048140
31074983
31074988
31077998
31079449
31082225
31082230
31097402
31098001
31103902
31109791
31112891
31112892
31117514
31117515
31117524
31129450
31129453
31147104
31151791
31158744
31176098
31176569
31181882
31185168
31195169
31204225
31207462
31220675
31223445
31223446
31223447
31223455
31229876
31229883
31235264
31238183
31244143
31246024
31248771
31253530
31253532
31253535
31255496
31255926
31255928
31257875
31257877
31260299
31266686
31268308
31268309
31268317
31271958
31274307
31274316
31276897
31279524
31280999
31281020
31291098
31296439
31298539
31298548
31299587
31301950
31302448
31303386
31306001
31312404
31312412
31319263
31325785
31325786
31330446
31343176
31357129
31358465
31376564
31376566
31381325
31381331
31381333
31382120
31383628
31385511
31387791
31390201
31400706
31400711
31400941
31401465
31404862
31407888
31417666
31419132
31419776
31421966
31422224
31437780
31439379
31453698
31461285
31469288
31472474
31474482
31483660
31492518
31495556
31497963
31498617
31513411
31514019
31518969
31520926
31525963
31525966
31526003
31526973
31532644
31536895
31537425
31547945
31549836
31550662
31557025
31564385
31577901
31581003
31586817
31589440
31596583
31609608
31610942
31613617
31620230
31622096
31627059
31627993
31630053
31633350
31648876
31661268
31663733
31669851
31670517
31672259
31675226
31676224
31693351
31699606
31699607
31702918
31702924
31706668
31714779
31721581
31724859
31725297
31727470
31727472
31729878
31730343
31732252
31732253
31734022
31738058
31738537
31738550
31742400
31743642
31746599
31749910
31756109
31761386
31774679
31780082
31782922
31787357
31790581
31820978
31834797
31834798
31841637
31843460
31845801
31846328
31855793
31857840
31860301
31865018
31879182
31882369
31889666
31891265
31895563
31901745
31910017
31913033
31930920
31932225
31933369
31938457
31945644
31948845
31951130
31952960
31978781
31982240
31982651
31986033
31990540
31999923
32001090
32001136
32004937
32007667
32007668
32018096
32026697
32030982
32031378
32035699
32045236
32052631
32070917
32071676
32073845
32077280
32081010
32087465
32088124
32088495
32089391
32092588
32105980
32105981
32107165
32109623
32115956
32122754
32141297
32142284
32150414
32159953
32165041
32173116
32182489
32184044
32184961
32184966
32191459
32199689
32199732
32202101
32203787
32222663
32224379
32233403
32241719
32243152
32247113
32247749
32249114
32255344
32271569
32282200
32283296
32286062
32289582
32292555
32292564
32299730
32302132
32314924
32329617
32340793
32342685
32353859
32369358
32371117
32371333
32374602
32386980
32388114
32388280
32420741
32432477
32433887
32435366
32435367
32435370
32435376
32435389
32435397
32435401
32435413
32435421
32442850
32442851
32447198
32463235
32482069
32502343
32502862
32511917
32515588
32526553
32530286
32539387
32546299
32550981
32550997
32551002
32551012
32551020
32558564
32563813
32567857
32573250
32592915
32602722
32603117
32603981
32608236
32614182
32631506
32631510
32631525
32631561
32631562
32631569
32634629
32649196
32652435
32657579
32659605
32659606
32667814
32672457
32673481
32673902
32686940
32688199
32690260
32692166
32693296
32707525
32717478
32731087
32736211
32738984
32750526
32786875
32787075
32787082
32787083
32787103
32794708
32804502
32805118
32809824
32814244
32815361
32816483
32818604
32829163
32832018
32832019
32832023
32853682
32866383
32870008
32871344
32871345
32877805
32882418
32882609
32883072
32883642
32897699
32902268
32902984
32911308
32912438
32912440
32915563
32920427
32942186
32944139
32944146
32947229
32949963
32961382
32966896
32969660
32977218
32977721
32979487
33001648
33002735
33002845
33007549
33007553
33007557
33030342
33035923
33045661
33045662
33049607
33062158
33062161
33062163
33062168
33062176
33062179
33062187
33064947
33065431
33069080
33077264
33081988
33094613
33095584
33105987
33109399
33111525
33120080
33128909
33129590
33130291
33132116
33135887
33139112
33143937
33147410
33148491
33148494
33160760
33161125
33170687
33171218
33189775
33190475
33205975
33213146
33214824
33214831
33214837
33214847
33223264
33226806
33228976
33237785
33243531
33248851
33248853
33256400
33257172
33261899
33261900
33267584
33283516
33290073
33291877
33309162
33309749
33310287
33310288
33310290
33316692
33316752
33321261
33325691
33325696
33326237
33328102
33333448
33335661
33338869
33338898
33346659
33350824
33352047
33352387
33356242
33356247
33356248
33360082
33360803
33369415
33369416
33372782
33372800
33378197
33382264
33385210
33385956
33395289
33412421
33422908
33422983
33426889
33428419
33439019
33445154
33445156
33450620
33454547
33470111
33470814
33479612
33479618
33479621
33479634
33479652
33479659
33479678
33479694
33482600
33488961
33488974
33488977
33492963
33524256
33528252
33538583
33540228
33548636
33548637
33550084
33550184
33556572
33556787
33569941
33571827
33571911
33581390
33581551
33582388
33591743
33592148
33593051
33596384
33600174
33601311
33601312
33603969
33609658
33609889
33611192
33626870
33635670
33636307
33636308
33636538
33650861
33662541
33677350
33682410
33682420
33688737
33689340
33689933
33705126
33705662
33719429
33724031
33733758
33733768
33738064
33738065
33738066
33738072
33753262
33761251
33764065
33764785
33766769
33784602
33793216
33821647
33822617
33823391
33823396
33826322
33831560
33838585
33839253
33852312
33882273
33887913
33901806
33901899
33906348
33915369
33929852
33932522
33939425
33940465
33964441
33965531
33999621
34008968
34011153
34011155
34015586
34015703
34019417
34027668
34030087
34032427
34042442
34044121
34046601
34046612
34046614
34046625
34048882
34049262
34052677
34055226
34086472
34091043
34095838
34107215
34110812
34110814
34118720
34120444
34141082
34141088
34142552
34142835
34152138
34156850
34160229
34161728
34161865
34162205
34171656
34175542
34182358
34197708
34213340
34218000
34223165
34236190
34236855
34236862
34237622
34253025
34254805
34255509
34260228
34264658
34267869
34267875
34269581
34279947
34284107
34288692
34291633
34298413
34303872
34304557
34308635
34309390
34311086
34329999
34333981
34342227
34345355
34355183
34365128
34375108
34387468
34387471
34387987
34413937
34413964
34415148
34435786
34436892
34450497
34458738
34461507
34463505
34467758
34467765
34476950
34477381
34477384
34505767
34515481
34517305
34519505
34520193
34520956
34530376
34536672
34550682
34553934
34553947
34563964
34581584
34600035
34607244
34619465
34624193
34624823
34628236
34634617
34634742
34636551
34653340
34670362
34671739
34676025
34676027
34676036
34695709
34695776
34699207
34700270
34704436
34710746
34715306
34731765
34743062
34748345
34749202
34757216
34780900
34781680
34783240
34783558
34792334
34795864
34795866
34795870
34797051
34798381
34801827
34802839
34814071
34821145
34825182
34825191
34826681
34838649
34839158
34844790
34855388
34855405
34864496
34875521
34875836
34894610
34902734
34908407
34917239
34917250
34917254
34917255
34928152
34929081
34954592
34959172
34962782
34982553
34985276
34995453
34998055
34998058
35007722
35016113
35033825
35034442
35041419
35051747
35051750
35059113
35059124
35059130
35063632
35063736
35065412
35068155
35080890
35081715
35084182
35084860
35093670
35144038
35148101
35151866
35166541
35176563
35179893
35183872
35188390
35188767
35189560
35195401
35200035
35218882
35224495
35235745
35235747
35239336
35245663
35248836
35255683
35255685
35261239
35271288
35279606
35295085
35306287
35308023
35308025
35319895
35332774
35334449
35339101
35346843
35346844
35349275
35367591
35367707
35390714
35395511
35397400
35416668
35417155
35417652
35434628
35439002
35439007
35447345
35450351
35450379
35462165
35467861
35468513
35482677
35482954
35483322
35485642
35500061
35512565
35522977
35525212
35531606
35536179
35550979
35576656
35576659
35579344
35584373
35594150
35608571
35609189
35612488
35635953
35640763
35647711
35652647
35660249
35666471
35671625
35696646
35709396
35709475
35714367
35724925
35734860
35749841
35751979
35753263
35759679
35771668
35779827
35786895
35809818
35814929
35814933
35817293
35834819
35839536
35849804
35858523
35859865
35859877
35863273
35868123
35872347
35878418
35900351
35917765
35923720
35924548
35925768
35926324
35930058
35933788
35939391
35944339
35948061
35961067
35964426
35975976
35977382
35981459
35984707
35985255
35993890
35998545
36001775
36001935
36029561
36063022
36063653
36084304
36084534
36088757
36092143
36092149
36096342
36098685
36111355
36113282
36126323
36136092
36150258
36173355
36179400
36201615
36202063
36202190
36205714
36206553
36219903
36262391
36262403
36267133
36274274
36283180
36322383
36325401
36343411
36346645
36367749
36379105
36385929
36395646
36439976
36439982
36440853
36450167
36459083
36462439
36462440
36462441
36473091
36475653
36484801
36493617
36496202
36512734
36516476
36517209
36526469
36538027
36542836
36542960
36571976
36584305
36587872
36603509
36624931
36634312
36642961
36645394
36655130
36657299
36661568
36669398
36682292
36692498
36692906
36696766
36716640
36728508
36736152
36736154
36745746
36749855
36753922
36757100
36764123
36780830
36780833
36781172
36787643
36793423
36796299
36800260
36802596
36802610
36825758
36827198
36846364
36847646
36863225
36876904
36912866
36916802
36919956
36921529
36946301
36958266
36987735
36990245
37003157
37027512
37027998
37043995
37054561
37062169
37077391
37094094
37094450
37127287
37130037
37137430
37155735
37163951
37172473
37172474
37192550
37197468
37201428
37210839
37234044
37236375
37247506
37247507
37252097
37301076
37312837
37312863
37366223
37369108
37378639
37382926
37389813
37390508
37393791
37413884
37418295
37421373
37437352
37438997
37440703
37450763
37450764
37453330
37465306
37467430
37523859
37535845
37535861
37536264
37556911
37560786
37562117
37567058
37573822
37573828
37580890
37584406
37584424
37591316
37603705
37607512
37611316
37632447
37646374
37651878
37657272
37659198
37678143
37688938
37713804
37731700
37731701
37731702
37736183
37773891
37797083
37806499
37837674
37839347
37862143
37883895
37897926
37951135
37974947
37974965
37981443
37982711
38000211
38007911
38015878
38033250
38051674
38061230
38093696
38095579
38116424
38116425
38117239
38147525
38151460
38156970
38158562
38159286
38164076
38165765
38190615
38198520
38199164
38199165
38215590
38228254
38229744
38229753
38241614
38253227
38277480
38283221
38283230
38283232
38330278
38346577
38352826
38352850
38359536
38393759
38401188
38401456
38413367
38422698
38460270
38470227
38482820
38493727
38505837
38508118
38509003
38516599
38516602
38516603
38517948
38518523
38522114
38544305
38547733
38552597
38593423
38595098
38614063
38621327
38626524
38626917
38628803
38636130
38641151
38647397
38648167
38648420
38663285
38669059
38670537
38687204
38687966
38691510
38739840
38746896
38753759
38764175
38805667
38814086
38823264
38830007
38845345
38850857
38857067
38857566
38869493
38885438
38901106
38936149
38954961
38959401
38968440
38971050
38986343
38996544
38996940
39004018
39023313
39026648
39053192
39073853
39082690
39088801
39098133
39105778
39133077
39136241
39136313
39142150
39231262
39256214
39291015
39420956
