7506311
9836620
9871514
10201832
10450960
10479301
10508429
10522707
10753470
10794697
10843203
10987423
11196150
11277743
11459665
11459668
11708926
11720854
11965372
11965373
11975475
11992778
12036348
12190302
12444669
12646021
12852971
12941311
12941312
12941325
12941334
14505653
14592490
14613321
14643322
14736242
14741280
15081017
15081018
15081893
15123286
15147193
15163192
15163205
15369386
15380202
15482916
15715490
15844964
15911262
16038553
16153845
16165354
16180833
16203138
16249345
16275071
16289818
16289819
16307879
16366601
16451063
16451087
16455247
16455256
16610787
16632357
16759100
16777408
16815012
16931004
16934977
16973358
16979341
17005393
17018693
17027260
17149865
17172472
17201404
17201405
17228859
17289385
17292607
17337182
17339109
17350260
17350267
17400452
17403688
17434304
17448656
17467987
17498950
17533125
17583503
17600707
17665897
17878314
17887659
18044841
18083561
18160521
18240390
18304809
18318469
18374566
18396399
18440811
18440812
18511278
18514530
18553955
18579376
18595689
18652443
18653260
18680280
18694645
18722117
18754654
18774291
18798607
18800822
18809325
18835709
18842034
18951784
18975928
19053753
19071019
19109017
19138518
19181519
19185488
19195882
19217286
19231176
19231864
19236017
19269173
19286377
19307115
19317446
19324548
19328688
19345581
19349176
19385613
19419868
19464171
19507861
19530681
19541484
19553112
19553113
19560918
19564108
19574047
19574056
19577468
19610618
19616432
19625185
19630384
19630403
19645433
19656678
19681589
19700321
19702274
19716697
19717304
19719236
19720528
19731961
19783143
19783444
19818613
19827831
19873974
19891474
19919896
19932963
20007017
20015648
20031410
20089400
20137927
20137946
20138516
20149650
20153204
20153647
20163116
20167481
20167488
20170186
20196613
20218619
20299215
20347189
20443228
20446735
20452767
20465278
20471260
20471829
20538456
20561788
20590088
20594842
20609585
20724156
20801650
20829038
20839775
20942472
20951584
20965724
20971000
21036043
21075627
21087867
21093258
21094607
21094608
21126875
21134747
21147533
21168764
21185183
21185722
21195614
21215624
21216151
21269824
21316219
21334894
21355602
21414782
21417348
21417463
21421311
21438541
21439819
21446745
21514824
21515053
21528910
21592791
21650160
21689935
21699136
21705115
21705223
21764306
21782425
21786805
21797275
21863799
21871695
21873057
21880399
21889344
21940167
21981714
21983442
21985673
21988093
22030028
22030030
22070604
22071300
22078216
22081932
22100138
22137932
22148241
22148754
22197390
22222034
22227212
22290076
22360639
22377514
22385507
22405286
22406115
22458568
22487182
22489897
22497763
22503248
22503453
22542009
22551018
22578490
22608963
22650305
22677319
22680612
22683343
22708876
22765893
22780914
22834877
22863202
22889281
22889803
22898529
22901390
22901900
22932315
22954736
22963052
22971011
22985961
22995620
23025719
23035716
23137303
23260348
23294830
23332346
23353742
23380375
23409953
23433670
23445220
23453841
23454131
23478147
23535330
23540645
23585921
23614352
23672667
23747808
23795771
23795939
23849206
24102134
24189054
24239625
24355129
24410637
24412498
24424134
24502334
24650704
24697360
24721831
24755431
24835984
24878222
24881566
24900229
24900270
24900284
24900298
24900353
24900359
24900382
24900442
24900520
24900580
24900695
24900801
24900864
24974342
24980052
25032507
25050169
25082513
25098388
25127163
25144111
25147602
25147603
25210858
25264825
25406853
25412409
25453795
25495612
25554733
25559100
25590374
25592707
25654260
25699155
25750706
25768701
25799158
25815146
25890697
26005534
26037808
26061158
26091726
26099069
26101562
26101576
26181715
26271588
26288680
26306982
26403928
26421921
26430878
26494583
26540564
26562545
26575458
26596711
26597534
26717202
26731167
26786693
26819663
26824386
26878596
26896709
26907156
26935942
26936592
26985287
27043173
27075367
27107947
27171036
27217002
27256912
27261179
27301679
27381086
27390919
27416328
27468126
27476144
27491708
27528434
27542308
27559615
27563394
27563395
27575469
27584694
27687671
27689729
27713015
27739677
27804297
27810243
27823886
27866818
27933955
27939345
27940419
27994746
27994765
28045522
28131714
28135087
28165743
28291340
28337327
28458137
28505447
28523115
28528082
28574706
28662962
28704052
28759228
28784429
28796496
28818766
28918096
28937774
28953875
28977749
29244490
29306837
29320176
29329072
29348807
29363967
29407965
29424542
29456790
29502405
29534930
29574203
29579390
29601185
29605997
29613789
29628326
29631787
29672041
29718668
29741897
29771541
29779975
29795766
29939744
30006171
30010338
30034588
30095900
30130103
30143422
30207721
30289716
30366617
30399314
30477891
30502115
30554955
30582813
30605331
30613321
30624060
30704813
30709653
30735901
30755348
30770154
30889352
30952590
30986059
31021628
31054862
31099559
31117515
31223447
31223457
31282155
31294974
31314518
31415173
31536891
31550156
31670514
31744674
31749910
31820978
31846577
31848333
31857842
31895563
32071679
32100544
32209292
32255344
32367723
32435391
32527538
32551019
32856916
32858124
32870008
32878437
32898695
32966896
33135887
33218684
33283516
33412421
33581555
33591753
33992926
34046601
34048882
34138572
34154424
34197114
34236862
34264059
34267873
34378389
34464130
34531950
34607244
34613725
34624823
34671731
34776280
35051811
35059124
35144038
35608370
35696642
35835377
35914250
36153472
36167503
36302181
36462440
36475653
36503229
36528996
36640594
36780833
36796299
36951608
37156182
37268593
37294077
37336067
37413880
37536210
37597437
37918035
38000211
38489246
38518523
38943602
38988222
39137033
39250434
