19438227
19320487
19256508
21526763
16175541
22417091
16677001
36793435
25746232
27775713
28042046
24194519
28032980
28089757
28135237
24634219
28287700
28376304
24962584
34665619
28916339
8667363
18343110
22380680
24610996
24727489
24548297
24606063
24673130
24786387
24821375
24844139
24847974
24884780
24900876
24944740
24914455
21237642
21707077
18226904
22165820
25249180
25310383
25333769
25357262
25419444
25438757
25479772
15081013
24856059
24856061
24954515
25017035
25032507
25037916
25068993
25139565
25068708
25122135
25255283
25765912
25569186
25594223
25752983
25406853
25689347
25730130
16366604
25893041
26155854
25975642
26098163
26230603
25076195
17276980
17371004
26222319
26301559
18396405
18501614
26359549
26338362
26477515
26363505
26704264
26700752
26985288
26937738
26819662
26976213
26805033
26958703
26985318
26978477
26985319
27112452
26290290
26700575
27094768
27138345
26914985
19175312
27119979
18845435
19459643
27046062
27490827
27690432
27727125
27165692
27396490
27541007
27933947
27690435
27816267
27393948
27994766
19734051
19969456
27769032
27855359
20031402
19361990
20092334
20441173
19151731
20843694
20471255
19015328
21216604
21316218
21438527
21599001
21615130
21728378
21885287
21875802
28001399
28085281
21996606
21888439
22192591
21686082
22316554
22386983
28109791
28283335
28076827
28199108
12657254
28650658
28657314
28714689
28817930
28834431
28853885
28892629
28926243
29019676
28545974
29466001
29466005
28696694
28934246
28949547
29083893
29120638
29190083
28526475
28740607
29494148
29494161
27689732
28760529
17098431
17602545
28927796
17460038
18024135
18947999
19017562
19362470
28358513
28471657
28005357
28398051
28624701
19762243
20095613
19682894
29251924
29268019
29510947
20943388
21243039
19164148
21765967
22230199
22406116
22458531
22624960
22548439
22694121
23026082
24936238
22136469
22524527
22742537
22924434
23095008
23095041
22217933
24900335
28858767
29031071
36126447
36549397
36680947
36793438
29202400
33619958
34170703
34214508
22929233
29348072
29407960
34251209
34351144
29921475
29944371
20828128
29466778
23259865
23294348
23302067
24900652
23406460
23419007
24900685
23199482
23268742
23362862
23395658
23416008
23509991
23517011
23517028
23415087
23498914
29561612
23628333
23767404
23795713
23769638
23850199
23919758
23973211
24012183
24099220
24107081
24157367
24326277
24900612
24433859
24417609
24581547
24405172
24405419
24456472
29750408
30034588
30095910
30122040
29665527
29754074
30249497
29103972
29170024
29648813
28161249
29701469
29741882
30258540
28853884
29534934
28977749
29934219
30025900
30036059
30077568
30107970
30121213
28575722
29202402
29541367
30314880
30243152
28780190
30199705
30339381
30145373
34648286
21207958
21486005
22743085
23562243
23647823
23746475
23770448
24332657
24369839
24900792
24304424
24499352
24456369
24613625
25057340
25681711
26536069
26551034
26613291
28165739
30998353
31026162
31083990
29672039
30048133
30448189
30463802
31298537
31398032
31732254
30890292
30986059
31710489
30342423
30342424
30366617
30613323
30247903
30606673
30626558
30783498
31361481
31603674
30981578
32184971
32298111
31371135
31378593
30565923
31550150
31283217
31494467
31635932
30501963
30605343
31339316
31365252
31411465
31429553
31442049
31622854
31913033
31922756
31935086
31999451
30226381
30448414
30472602
30516983
31227364
31327677
31208797
31235261
30940566
31096156
31132532
31350154
31033289
31082234
31117518
31444087
31466835
30711829
30773430
32049522
32223194
32290657
32297747
30554131
30557831
30689946
31663737
31725297
30707839
30839211
27214043
27390919
27425654
27438064
27500412
27563394
30462504
31235263
31351692
27326341
27499369
27503683
30819620
31859156
31859158
31836442
31999923
31898999
32283019
32031795
32073845
32435423
32435424
32470302
32550998
32672458
32520560
32676144
32832027
32832032
32631504
32690258
32787077
32787145
32081628
32173197
32352776
32784088
32844651
32902275
33062162
26878898
27685665
33306391
33488978
33603979
31923861
32146375
32388278
32463237
33571875
33738065
33054193
33142057
33226222
33264007
32942185
32971410
33337880
33543615
34141086
34141087
27727126
27933891
31759728
32912430
32944144
33062173
33214833
33215494
33280898
33283516
33522809
33684441
34055218
32428794
32608981
32717483
32739551
33378180
33440945
34216984
34279931
34328319
34342227
33588180
33560122
33570950
33667849
33689874
33689932
33766770
33771585
33811991
33279290
33472120
33661631
33932805
34152143
34531951
34371464
34375106
33792311
34821503
33818106
33829783
34364223
34004471
33955754
34186234
34404206
34795865
34382796
34648707
34115499
34100601
34251816
33719426
33900758
34571172
33356222
34029463
34038111
34266235
34328726
34624824
34671445
34962802
34726887
35108001
33683903
34019417
34889605
34967602
35041419
35195417
34748333
34839161
34695709
34735158
34846884
33253879
33454550
34077206
34153576
34647738
36269639
36346645
36351049
35581674
35841828
36117290
35569264
36074956
33333396
35551037
35777270
35792403
36385933
34688013
35033884
35200033
35358863
35608571
35960655
35093670
35101649
35667156
35859869
36385939
34653770
35029993
35084181
35085860
35707140
35786929
35482954
16203144
35688005
35695407
35696642
35777073
35895319
35925768
35969197
34592608
35364523
35466678
35763499
35819182
33783220
34283608
34624823
36265019
36332883
36441945
36454192
34978799
35230841
35279610
35298171
35332774
35333039
35385805
35428013
35436124
35442672
35476936
35500061
35549469
35579113
35588495
36170649
36204777
36263945
36346696
32668381
34170694
34591474
34875836
35024612
31810784
32092586
32203790
35224495
35306290
35987508
36411036
33773287
34146913
35063732
31391879
36274272
36332553
36334454
36802665
37187252
36760737
37018878
37094433
37137430
28197319
36562986
36574496
36594670
36630177
36642961
36645983
37058970
37587416
37594853
37643372
37669317
36996716
37060754
37253305
37336082
37352577
37552639
37484571
37951136
36183504
36446206
37235809
37386884
37439550
37716187
37783101
38516600
38628783
36692498
36781172
37017305
37071570
37097833
37130331
37155735
37191335
37983615
38054267
38156904
38300987
38505861
38516586
36599228
36702052
36917882
37343272
37366223
37406165
37433017
37439511
37450324
37480153
35728508
36116234
36137365
38054798
38059452
38092072
38097140
38097141
38229743
38352842
36063664
37441735
37465299
37499118
37506293
37566998
37578463
37560786
37610210
37674362
37681508
37705322
37708384
37738232
37752076
37756547
37182335
37196547
37209612
37782247
37857466
37905925
38116406
37996079
38009718
38029358
38033250
38079530
38334086
36695774
36786612
36854648
36948210
37014798
37027002
36347091
36863225
38116426
38116444
38579622
38581732
38615409
38677061
38678826
38754142
38804039
38857067
38913699
38919032
38967785
38364716
38377827
38634707
38635563
38651218
38695063
38728572
38739112
38748913
38340508
38412693
38479168
38713486
38776379
38363069
38364308
38408347
38412237
38465588
38488882
38039787
38579621
38604096
38734389
38888292
38896548
38996194
38289623
38295759
38348878
38377560
38408027
38442261
38799223
38894912
38894924
38911172
37625288
38061229
38104378
38112492
38207096
38284169
38301128
38354523
38569135
38593344
38595098
38619191
38630440
38679872
38687956
38457911
38657480
38718622
38762916
38912577
38981216
39028937
38917622
39080842
39110625
38417632
38823264
38865744
38870831
38914346
38941718
39208364
39269610
38925013
39169676
39189384
39229909
39230973
39259672
39291011
39389791
39083980
39096818
39226127
39276584
37236000
37421888
37413878
37651874
37672931
37804770
38746900
31848333
28953875
23250418
34154424
21168764
33497606