1347319
9046346
14561087
14684341
16759092
18077363
18363349
18989912
19388676
20889345
20926301
22440859
22607697
23106316
23252711
23256554
23356363
23394791
23581848
23697754
24103428
24497639
25038482
25147600
25358084
25600407
25699604
26414808
26805033
27113097
27235003
27416889
27567076
27607918
27933947
28110961
28233679
28280261
28318945
28586718
28720332
28738306
28739043
29079472
29120638
29305297
29400965
29485874
29631962
29767973
29856759
30006175
30553625
30759340
31010722
31095386
31365252
31411465
31740053
32091206
32250117
32327350
32334912
32336498
32736077
33038544
33360799
33602867
33891389
33905966
34210138
34776280
35737472
35767390
35814933
35988449
36094045
36470106
37312836
38088921
38620134
38788300
38905539
39133975
