8667363
11741480
12039591
12951090
12954329
15080999
15317461
15357981
15466206
15615514
15664853
15686884
15743202
15745832
15837294
15916442
15953730
15990302
15996097
16124770
16125383
16125384
16162008
16198560
16249345
16275072
16275079
16335920
16364640
16386418
16412638
16460936
16492148
16750628
16759855
16887347
16951187
16970394
16978863
16997559
17027260
17064073
17107795
17154495
17181170
17188873
17228875
17239587
17253678
17253679
17276055
17343372
17350837
17391959
17403688
17416521
17425296
17433696
17481893
17502144
17556356
17560105
17587573
17600705
17618113
17676829
17689078
17718712
17804224
17850055
17900896
17911023
17941624
18006306
18023347
18083554
18249537
18258439
18260617
18278858
18294842
18308565
18311900
18324761
18426196
18434145
18447379
18494454
18501599
18539456
18553959
18557606
18558742
18579373
18602262
18614366
18620382
18640036
18646745
18656911
18682324
18691885
18754654
18755587
18763753
18785725
18793846
18834107
18835709
18922779
18945615
19027294
19028424
19041240
19059779
19097777
19101143
19101155
19110422
19112018
19124243
19143567
19155174
19159187
19161279
19179076
19188066
19199479
19208477
19217287
19217289
19217782
19261605
19271755
19285872
19303774
19309081
19326916
19348415
19369077
19395260
19432431
19433357
19443217
19450980
19462975
19524438
19552436
19552437
19572547
19576765
19628388
19648005
19739674
19764794
19786348
19815412
19819693
19836234
19892442
19919896
19928858
19939513
19945877
19947601
19954247
20036448
20038108
20043696
20043700
20045318
20045647
20078106
20093027
20138761
20144545
20153646
20218619
20222733
20223664
20346655
20361800
20363624
20383151
20385558
20430619
20434333
20471255
20483621
20488717
20513156
20570511
20627557
20666436
20684549
20684591
20684592
20684604
20804212
20822901
20833036
20833039
20846091
20966043
21038853
21062009
21071223
21093259
21105715
21106455
21106457
21112785
21113169
21117646
21130659
21185177
21190849
21218783
21273063
21300545
21316234
21332118
21334203
21349713
21353783
21363918
21391689
21420857
21440447
21458276
21459580
21489792
21561771
21570836
21591606
21608528
21612232
21699136
21714526
21742493
21813278
21815634
21823617
21839641
21852129
21852130
21855333
21863799
21882832
21903390
21925880
21928837
21940174
21958547
21967808
22001029
22004719
22011200
22040023
22041060
22061639
22061645
22070604
22087750
22101132
22122563
22136404
22136469
22137787
22137790
22148921
22153937
22154891
22169262
22169263
22172029
22182581
22189141
22196117
22197390
22204607
22225636
22225917
22247788
22263917
22264481
22280402
22285028
22309911
22320327
22320343
22335895
22336246
22364528
22365758
22365762
22369181
22380629
22381355
22394077
22435740
22450128
22465635
22475557
22506516
22507962
22520259
22524426
22545772
22548365
22564207
22579420
22579484
22582973
22591402
22594690
22595177
22633692
22691057
22695126
22727637
22746295
22759374
22765895
22765901
22770610
22819505
22819764
22832322
22858099
22863203
22877629
22877636
22901389
22924815
22974325
22984902
22998419
23010268
23013933
23017051
23040732
23059543
23072339
23084906
23088558
23107479
23126626
23137448
23153230
23153367
23177788
23218605
23219325
23265875
23266121
23279802
23286787
23298277
23301527
23360348
23379595
23394863
23411073
23414800
23414803
23414845
23416002
23442188
23448267
23453068
23454015
23521020
23522834
23524643
23537249
23538233
23540645
23562056
23562241
23562594
23570561
23585920
23597064
23606928
23615903
23623673
23628336
23628470
23644189
23648182
23664099
23664874
23668484
23675965
23688559
23702473
23721803
23726034
23756368
23769638
23773153
23808545
23838381
23845217
23865723
23880538
23880539
23890524
23899692
23914286
23928071
23930994
23932790
23977883
24040942
24055079
24083782
24091081
24093940
24102143
24102193
24112024
24120542
24140447
24157370
24158015
24169315
24171469
24210504
24215352
24239186
24239623
24294985
24295046
24308627
24315192
24325578
24332487
24345273
24387221
24400806
24412111
24422550
24433860
24437735
24456472
24456902
24457093
24472025
24485123
24497639
24502334
24507919
24513188
24527772
24548297
24582987
24601644
24641103
24666203
24685543
24704027
24704029
24704031
24712661
24729834
24742150
24745969
24751443
24767850
24775917
24786387
24793884
24805946
24813730
24819116
24821375
24837154
24856059
24881566
24884780
24900173
24900213
24900236
24900250
24900266
24900394
24900395
24900397
24900416
24900439
24900443
24900459
24900466
24900473
24900493
24900504
24900545
24900551
24900564
24900593
24900605
24900623
24900632
24900689
24900694
24900697
24900714
24900751
24900768
24900784
24900786
24900798
24900818
24900822
24900823
24900824
24900825
24900829
24914455
24915291
24944745
24959717
24996140
24996144
25000588
25017032
25042256
25072873
25073094
25086238
25087049
25088191
25124116
25127105
25139570
25149511
25173590
25180654
25193232
25195011
25210858
25219901
25221659
25241924
25249180
25254961
25260492
25262940
25264476
25270403
25272206
25278234
25282552
25282672
25286150
25313317
25384157
25393557
25408830
25409491
25411915
25415535
25438768
25440879
25452002
25453817
25455488
25456383
25456387
25466188
25468038
25478907
25479567
25488844
25497965
25515957
25516782
25516790
25516794
25532755
25555143
25559205
25584393
25587754
25589916
25589917
25589920
25589923
25596757
25616902
25625541
25642985
25659752
25662701
25666818
25666823
25668242
25678016
25679114
25680029
25690789
25699156
25699405
25701252
25736993
25754490
25754495
25769518
25771484
25778995
25787766
25790336
25799074
25800646
25815138
25818765
25844895
25856009
25864491
25872980
25882521
25882531
25893042
25893045
25941545
25958247
25975640
25978962
26005519
26005524
26005536
26022843
26023814
26030457
26043365
26048791
26048793
26048795
26083478
26086931
26087137
26112437
26112438
26125948
26130408
26155854
26164189
26169763
26169764
26181715
26181851
26191369
26199119
26199120
26230603
26235945
26258521
26271588
26275028
26277759
26288682
26288685
26288691
26298499
26313252
26321361
26337021
26344591
26344595
26344911
26356364
26360048
26363507
26403853
26408454
26431428
26486225
26486317
26496242
26512410
26555154
26565745
26572217
26590100
26596710
26675441
26681511
26689671
26690914
26699912
26701356
26707845
26709102
26710088
26713102
26713111
26713112
26717202
26731300
26735842
26741855
26751161
26764191
26771107
26771203
26791385
26796641
26804231
26812066
26815195
26819001
26819657
26819673
26820555
26826731
26854431
26859603
26869194
26874741
26878262
26881908
26897090
26900658
26908025
26923692
26923695
26944614
26950400
26958703
26979157
26979485
26980109
26985289
26985298
26985304
26985316
26985320
27002243
27011007
27020304
27020524
27043133
27043268
27045975
27046190
27055065
27055938
27068143
27072910
27085672
27089211
27096038
27096050
27106707
27107947
27117263
27131066
27137359
27144831
27153347
27155466
27161876
27171036
27173799
27176944
27184766
27187609
27187857
27187860
27190603
27190605
27214401
27219676
27219867
27236015
27246618
27259031
27261178
27266999
27275946
27285051
27288186
27309150
27326325
27326330
27326333
27326341
27335255
27353887
27355974
27387355
27391133
27407030
27429068
27433829
27448775
27448924
27450788
27460209
27474925
27476424
27490023
27490827
27490956
27491709
27491711
27499454
27502541
27503683
27527413
27529700
27542308
27543880
27555284
27560282
27563400
27563406
27568085
27575470
27578246
27589335
27595327
27606546
27658368
27660855
27662031
27671496
27671499
27682507
27687672
27689388
27727125
27749056
27749061
27757418
27771180
27774129
27774135
27776274
27777009
27779399
27789138
27805390
27815118
27815121
27816515
27823886
27825553
27836401
27839788
27839918
27842891
27846451
27856237
27865703
27871038
27890378
27914362
27933954
27956039
27958734
27979595
27994755
27994760
27997164
28002667
28002956
28002958
28002967
28011202
28011204
28017532
28038940
28039836
28072531
28075591
28105274
28105282
28105283
28105284
28105286
28105288
28106991
28109945
28109949
28112924
28122457
28128944
28135237
28139931
28140585
28159414
28165743
28169164
28182408
28185720
28186750
28186755
28186757
28190654
28195723
28197316
28209465
28225269
28231524
28232751
28235701
28238512
28245354
28254166
28254486
28268136
28274635
28279528
28284095
28284808
28284870
28291695
28300404
28302507
28337323
28337325
28337328
28340913
28345906
28359790
28359792
28366268
28368119
28372935
28377059
28384549
28385505
28388054
28392276
28400232
28400234
28404374
28408218
28408219
28409639
28411455
28412159
28415011
28416132
28425720
28428041
28435537
28445047
28448133
28457754
28460359
28478342
28485590
28498658
28502459
28505447
28512031
28520415
28522254
28523094
28523111
28525844
28526474
28528303
28533114
28541707
28545974
28549889
28557458
28571824
28606761
28610984
28613862
28622905
28642028
28662959
28688957
28689977
28699740
28704757
28710964
28716639
28720503
28726401
28729057
28735214
28739157
28740608
28771350
28772236
28774425
28774576
28784429
28797771
28799755
28800461
28802631
28802632
28817277
28818446
28818461
28824746
28829592
28835787
28835793
28835797
28835798
28835804
28838830
28844802
28853575
28863357
28892380
28892629
28926243
28927793
28927796
28929759
28945083
28947155
28947935
28947947
28949521
28953875
28958845
28977749
28991465
28991472
28993050
29017786
29023112
29029933
29031059
29039662
29046238
29057048
29074254
29094937
29100801
29107429
29116785
29126725
29136465
29148806
29150397
29152041
29153547
29155580
29156136
29157685
29157864
29169673
29170024
29172540
29189002
29197731
29208511
29211480
29258712
29259742
29259755
29262987
29266937
29287958
29288948
29289448
29291937
29305298
29317165
29323899
29324345
29324347
29326017
29328660
29342416
29348070
29348811
29350927
29353721
29360044
29389122
29395980
29398443
29398545
29400470
29407591
29407973
29412659
29422332
29426768
29439915
29446942
29456791
29456799
29459274
29461827
29466005
29477887
29485864
29486951
29496411
29498843
29519738
29519739
29523467
29523469
29526098
29541370
29547693
29547696
29547832
29548571
29549836
29558119
29567295
29571573
29574203
29578342
29587221
29588215
29605997
29617572
29620890
29627263
29631787
29649741
29656650
29670686
29670707
29672039
29673717
29678460
29681486
29683659
29712435
29729987
29730027
29733614
29741891
29750408
29751236
29751237
29764756
29775310
29775538
29795748
29795759
29852070
29853332
29870258
29878770
29879354
29883107
29886323
29889518
29890830
29907471
29909635
29927604
29945756
29953809
29985601
29990434
30003778
30006176
30010338
30011199
30015489
30025900
30034590
30034601
30036059
30055466
30059217
30067358
30071408
30074795
30075624
30078314
30085668
30095900
30096580
30098865
30100020
30115493
30125720
30128072
30130103
30130718
30139575
30141927
30144697
30148634
30170319
30188734
30199253
30199637
30209946
30216852
30217415
30226378
30227946
30241010
30245395
30247903
30247908
30249354
30253242
30258530
30258532
30258538
30258540
30265805
30274941
30289257
30297119
30300845
30339387
30343954
30344908
30350997
30351000
30352713
30359003
30383372
30384043
30384047
30384606
30392952
30403352
30403487
30429097
30429949
30429950
30429955
30431269
30442420
30472599
30503938
30508379
30522952
30522954
30525590
30530190
30532965
30543423
30543440
30553737
30563338
30565923
30582813
30587450
30594029
30594432
30594434
30600149
30600209
30606676
30613320
30613325
30615446
30616904
30624060
30624931
30624936
30626555
30630717
30652849
30655938
30655939
30655940
30655951
30657313
30672698
30676741
30683722
30685526
30709653
30713023
30721053
30743096
30744931
30755337
30755348
30768268
30768270
30769242
30777610
30779566
30783493
30783506
30785748
30789735
30819619
30819620
30824200
30836001
30840447
30846405
30850264
30853331
30856324
30857747
30857748
30875504
30883109
30891145
30893553
30901208
30905542
30926315
30929420
30940565
30964290
30964291
30964988
30981578
30986068
30986571
30995036
30996949
30998356
30998845
30999237
31009559
31014911
31029550
31074983
31077998
31079967
31082225
31082764
31088713
31096153
31097997
31100649
31112891
31112893
31117517
31121430
31128991
31129454
31136173
31138459
31138472
31145622
31147141
31157974
31185168
31200237
31212132
31223436
31223457
31226656
31229873
31235262
31235263
31238183
31244112
31244143
31250638
31260299
31260890
31265286
31268316
31272795
31274316
31276900
31283227
31284081
31294974
31298541
31298542
31298548
31301565
31301949
31307887
31310125
31314518
31318208
31320147
31330446
31351692
31357129
31361481
31362919
31381333
31381853
31383587
31383628
31398032
31401008
31404862
31416665
31417667
31419130
31419776
31442684
31444087
31465220
31471103
31477350
31502843
31519374
31526603
31531204
31532644
31536895
31539778
31543303
31547945
31548084
31549836
31549838
31550660
31569004
31580666
31580668
31584233
31596080
31599580
31606346
31609613
31610942
31610943
31613617
31620216
31620235
31620236
31620238
31620239
31627993
31629631
31663736
31670515
31677447
31682427
31689114
31699609
31721581
31724863
31729873
31734021
31736296
31740249
31743642
31749904
31749909
31749911
31749912
31753798
31756109
31757666
31757682
31759849
31776060
31789032
31804076
31806266
31820985
31821760
31830635
31834797
31841625
31843459
31850759
31851518
31855425
31858797
31859507
31865013
31869655
31893550
31895562
31895575
31898998
31904959
31910017
31913033
31928839
31931337
31933369
31935084
31938453
31938459
31940200
31948845
31982234
32038769
32058239
32066011
32069401
32071676
32071685
32073845
32077280
32083858
32085971
32088493
32092586
32097005
32097841
32105982
32113049
32120325
32122737
32122740
32142281
32153186
32169784
32174193
32182489
32184955
32184967
32184973
32200199
32200202
32202101
32212730
32216347
32222663
32229389
32233403
32249117
32255344
32255647
32267688
32272419
32275432
32278710
32289582
32292556
32292557
32292561
32317209
32321240
32324999
32334266
32338514
32342685
32344181
32352776
32375077
32388115
32388281
32407089
32410449
32435379
32435381
32435383
32435387
32435391
32453591
32462873
32502336
32502343
32503691
32505087
32530624
32539387
32551003
32551006
32551010
32551603
32551607
32563811
32616182
32631533
32631570
32667799
32667814
32668381
32673481
32688199
32691589
32691591
32696648
32702236
32717477
32717478
32738973
32739400
32739648
32755680
32758860
32771798
32781219
32786235
32787075
32787110
32787145
32798788
32803978
32832026
32832027
32832032
32844651
32844654
32856916
32866383
32870008
32878437
32882134
32882416
32883072
32883643
32897703
32902984
32910656
32912431
32912438
32920426
32931269
32931277
32944132
32960053
32961382
32966896
32969660
33002845
33017535
33023291
33026809
33032085
33034194
33038544
33045661
33062158
33062160
33062165
33064947
33065433
33069075
33100009
33109399
33129590
33135887
33139113
33143937
33166139
33170686
33185430
33186040
33197196
33205975
33213146
33214824
33225706
33229136
33243531
33246255
33253879
33261314
33264007
33267584
33272018
33272783
33280898
33283516
33297683
33310288
33314938
33325691
33333396
33333445
33335645
33335653
33335659
33335668
33335674
33335676
33356248
33360559
33360793
33360802
33370104
33382613
33393294
33422984
33423463
33428419
33439019
33440319
33440321
33454550
33470814
33479617
33479618
33479642
33486199
33488958
33488960
33488969
33488971
33488978
33497575
33497888
33517226
33549905
33555858
33556787
33561608
33581555
33588527
33603959
33616410
33620196
33631934
33640672
33650861
33661013
33662213
33666424
33667898
33684824
33689340
33705126
33715360
33715378
33730624
33730678
33738047
33738055
33738058
33738070
33738073
33751981
33756127
33765486
33770574
33783225
33797901
33813153
33821636
33854703
33857374
33859789
33859795
33859804
33861086
33861612
33865969
33895276
33904307
33930844
33938739
33944571
33975430
33984476
33988358
34000802
34008974
34034128
34037385
34041490
34046622
34055207
34055224
34055226
34056906
34080862
34091209
34091303
34095838
34098466
34115499
34120444
34129329
34141078
34141086
34142835
34146702
34147746
34147909
34153575
34153576
34154424
34161090
34161865
34162205
34170694
34171657
34176264
34184879
34197114
34216986
34228434
34232650
34236190
34236855
34251219
34251799
34252790
34255512
34255518
34257831
34260229
34264057
34264059
34267870
34267880
34269576
34271072
34274550
34286973
34308635
34313116
34323489
34333981
34342227
34355182
34355886
34364223
34375106
34384024
34387088
34387469
34387471
34402300
34406006
34411892
34413934
34413936
34413946
34413955
34413956
34413961
34415160
34415745
34428039
34431664
34432979
34448571
34458738
34459599
34464130
34464874
34477367
34477384
34481337
34506138
34509167
34510892
34515481
34533957
34543572
34547507
34553947
34555614
34591474
34607244
34610423
34628236
34633810
34634742
34643383
34656901
34665631
34668699
34668706
34670084
34671731
34672584
34676032
34676036
34699202
34699203
34700240
34723528
34731760
34749202
34761679
34778768
34787423
34794818
34795848
34795853
34795857
34795866
34795869
34795874
34795875
34802837
34807608
34810020
34813314
34818007
34820624
34839996
34839997
34846884
34855388
34875521
34878770
34889100
34894681
34898210
34906761
34908415
34917238
34917245
34917248
34917249
34917254
34922191
34922307
34928151
34928601
34939411
34952433
34954592
34958208
34958586
34962782
34962793
34967623
34971874
34978799
34982556
34989568
34995458
34998040
34998058
35007863
35007864
35033885
35047111
35051747
35051750
35059127
35059130
35063731
35077161
35081715
35093670
35101647
35101649
35104138
35104640
35114084
35124532
35133824
35138851
35144038
35148092
35149305
35167750
35171586
35175768
35178169
35183872
35188766
35195996
35200034
35200035
35212542
35231577
35231829
35235745
35245663
35248836
35271288
35276360
35308026
35312319
35315650
35319895
35333526
35348328
35358863
35363466
35378251
35395439
35416668
35420431
35421578
35426680
35436124
35442700
35450354
35450368
35450381
35462165
35462166
35468293
35471939
35483323
35485642
35486993
35489222
35500094
35500474
35522528
35544982
35549181
35551036
35576702
35579344
35586420
35586430
35586431
35594150
35594649
35594654
35605362
35608571
35612488
35617855
35635004
35647711
35653645
35657291
35671593
35688004
35694689
35696642
35704853
35707141
35707146
35707147
35707151
35707160
35707970
35714367
35714534
35729775
35749986
35763424
35786895
35810715
35814933
35831917
35833726
35838529
35859875
35859878
35859885
35870729
35878399
35878418
35928851
35930799
35939391
35961067
35969688
35978692
35978693
35978696
35984914
35987020
35987508
36007247
36037148
36044544
36063664
36063666
36069672
36074956
36075370
36092144
36095945
36110386
36126447
36152387
36167503
36170570
36178776
36179400
36179404
36191148
36200480
36244107
36256484
36262386
36267131
36267136
36270630
36270633
36283251
36302181
36332597
36335744
36343410
36356320
36367089
36368497
36375336
36378954
36384036
36384292
36385925
36385928
36385937
36395648
36399795
36414176
36417820
36423414
36439976
36441945
36446632
36455356
36462440
36469401
36475432
36475697
36480704
36480917
36484801
36503229
36517209
36527933
36529937
36533617
36542759
36542958
36563185
36566713
36572866
36579489
36580346
36586298
36599264
36621137
36622852
36634458
36638621
36642961
36645983
36649216
36655125
36655128
36655132
36655134
36669575
36692498
36695774
36719862
36724631
36724635
36734825
36735833
36756805
36760745
36764122
36774555
36793423
36793426
36793434
36793438
36802665
36808973
36812395
36826833
36876904
36889252
36898329
36912866
36923909
36923916
36939673
36940470
36951608
36967575
36989811
37001244
37003047
37018878
37026591
37027512
37028120
37029334
37030091
37057760
37077386
37077388
37077397
37077403
37079895
37094450
37156182
37163463
37163946
37172324
37178482
37182335
37191268
37195170
37196547
37197471
37197473
37201428
37203326
37204207
37207533
37207535
37210839
37226718
37252102
37262997
37269687
37294287
37301076
37307526
37312843
37312848
37312849
37312863
37315697
37329712
37336069
37343272
37379621
37399711
37413879
37413881
37421709
37424079
37427891
37438997
37450644
37453330
37465291
37465298
37465311
37473690
37478496
37480153
37484562
37487305
37496104
37531921
37536264
37578463
37583811
37584545
37591317
37594408
37596975
37646374
37647546
37651880
37659219
37660465
37660484
37669595
37674362
37676858
37688996
37702400
37708798
37722288
37725577
37731702
37734423
37736174
37736180
37736181
37736184
37736186
37756547
37778239
37778428
37782247
37796543
37819647
37823891
37839342
37849539
37849546
37849557
37859722
37861679
37864885
37866334
37866336
37874947
37875056
37879043
37883895
37888788
37921024
37943013
37944866
37967462
37970587
37974962
37984298
37989057
37989059
37992518
38006642
38009718
38029466
38031930
38048697
38062557
38070430
38085679
38107172
38109261
38116444
38117951
38141285
38142510
38146659
38153295
38159482
38169271
38175809
38175811
38181380
38183777
38197367
38197882
38214982
38227216
38228402
38229748
38229762
38281455
38290426
38295759
38300264
38301329
38306405
38308949
38310752
38315032
38316368
38325398
38330278
38348878
38359535
38364599
38367489
38373466
38389874
38412693
38417168
38442261
38442487
38452728
38457911
38465588
38477575
38477974
38479166
38479168
38505844
38509003
38516590
38525852
38547735
38564512
38579492
38581730
38597264
38628784
38628791
38628793
38634707
38661655
38665824
38665826
38665838
38665842
38665844
38669910
38678826
38690856
38691889
38695063
38701712
38714043
38714262
38727100
38728572
38739112
38748820
38748913
38749341
38759457
38759932
38770784
38780468
38787793
38799223
38805939
38829718
38851000
38852339
38871484
38876176
38879996
38888292
38894895
38894918
38894924
38916990
38920289
38925015
38959727
38996937
39004018
39015280
39026653
39032403
39033612
39036880
39038808
39088797
39089002
39102502
39102508
39132814
39132828
39140066
39149790
39191400
39221768
39291012
39291659
39356741
39389791
