117107
1310118
1310743
1317926
1321744
1322986
1326634
1331448
1331453
1331460
1331462
1333013
1346276
1353796
1354264
1361580
1375963
1377748
1390689
1433209
1433215
1433218
1447734
1447743
1447752
1469687
1469688
1495013
1501220
1507212
1527788
1527791
1531365
1548680
1552500
1552502
1567835
1578485
1578487
1578488
1588553
1588554
1588555
1610807
1613747
1619615
1652023
1652025
1671415
1672155
1676428
1694545
1694546
1714957
1732523
1732534
1732557
1766006
1846918
1846919
1851843
1875332
1875346
1875350
1895300
1899452
1900533
1908521
1908522
1956054
1972964
1973733
1976812
1992122
1992126
1992149
1995884
1995889
1995891
1995893
1995903
2002464
2002469
2016707
2016708
2016711
2016720
2033583
2061919
2066982
2066983
2066994
2067002
2104936
2118183
2118185
2136916
2136919
2153817
2157007
2157009
2176210
2213832
2213834
2231595
2231604
2231607
2258904
2296014
2296019
2296020
2296032
2299617
2299624
2308144
2319556
2342053
2342073
2342076
2362273
2374150
2391687
2391695
2391701
2405157
2428979
2433443
2433445
2435903
2457705
2475628
2498315
2521519
2522989
2522991
2536436
2540333
2542561
2552117
2611201
2661820
2704022
2709379
2724298
2738887
2738891
2754716
2784835
2788743
2795604
2822927
2824776
2832604
2838631
2845082
2859372
2869146
2871191
2875184
2876099
2878080
2887657
2898531
2900899
2909729
2909732
2913310
2913311
2925675
2931524
2946863
2955118
2966245
2968456
3007760
3011801
3018244
3020245
3020246
3033244
3084783
3100794
3137344
3257524
3275776
3290487
3309313
3336015
3346868
3373486
3385735
3470522
3475471
3486976
3543358
3546690
3550086
3585903
3669017
3701793
3712371
3735315
3783578
3783588
3783591
3783592
3806620
3820219
3820229
3882966
3965704
3981540
5353111
6090663
6104730
6118438
6120237
6124637
6130153
6130154
6131129
6133953
6139481
6142953
6148422
6154141
6173481
6192241
6219223
6267277
6279845
6304315
6306238
6312042
6313921
6317859
6330355
6343601
6403710
6406670
6420570
6438320
6471073
6481761
6492073
6585550
6767029
6767030
6772788
6793726
6965728
6980283
6991695
7069705
7086823
7086847
7097715
7108902
7310818
7359525
7365745
7401098
7401109
7401110
7411554
7473573
7473600
7490724
7490725
7490731
7518522
7525960
7562902
7562903
7562919
7562931
7562937
7562946
7562949
7608907
7608910
7608911
7629795
7629799
7629801
7629809
7636840
7636843
7636869
7636877
7650687
7650688
7650690
7658429
7658432
7658438
7658439
7658440
7658444
7658455
7678430
7683054
7692048
7699694
7699716
7707310
7707311
7707314
7731010
7731011
7731012
7731015
7731016
7731020
7738999
7739005
7739011
7752198
7752199
7752206
7783118
7783119
7783136
7783144
7783150
7799400
7830274
7837220
7837223
7853346
7877139
7904648
7914537
7914538
7932521
7932532
7932533
7932538
7932545
7932552
7932557
7966128
7966139
7966145
7966148
7966160
7966161
7966163
7990109
7990111
7996541
7996550
7996555
8021915
8021923
8021926
8021929
8027974
8027978
8027993
8035417
8035418
8035419
8035420
8035427
8057272
8057293
8064791
8064797
8064799
8071941
8093734
8120866
8120869
8126692
8126693
8126708
8126709
8164249
8164257
8164262
8176701
8201598
8201599
8201603
8201607
8246219
8246228
8254609
8254612
8254620
8258821
8258836
8277497
8289199
8295211
8308857
8308865
8308869
8340909
8360872
8360876
8360883
8360886
8385224
8385225
8385226
8388466
8389875
8393489
8410970
8410972
8410991
8410992
8423594
8423595
8426366
8426367
8459400
8474097
8478902
8496909
8496923
8496929
8496930
8496931
8515419
8515421
8515426
8558503
8558505
8558532
8568818
8568822
8576904
8576907
8627601
8627605
8627611
8627615
8632428
8642569
8648595
8667367
8667369
8676333
8676338
8676353
8691427
8691435
8691478
8709094
8709099
8709106
8709117
8709120
8709131
8709134
8759625
8759636
8759639
8759640
8759641
8765503
8765504
8765518
8765528
8784440
8784454
8809171
8831752
8831761
8831765
8831777
8862725
8863798
8879541
8893833
8917649
8941398
8960059
8960546
8960547
8960549
8960551
8978832
8978844
8978850
9003518
9003520
9003523
9016324
9016329
9016330
9046346
9046352
9057851
9057856
9057869
9089333
9089334
9089337
9089339
9111297
9154975
9154976
9170293
9171873
9171886
9191969
9195869
9207934
9207941
9216828
9216841
9224570
9240343
9240350
9247857
9258357
9258362
9258363
9258365
9258366
9258368
9276019
9276022
9288166
9301658
9301661
9301674
9301675
9301676
9341905
9341908
9341919
9357515
9357526
9357531
9357538
9371234
9371241
9371242
9379438
9379439
9379441
9379442
9383449
9383464
9397171
9397175
9406598
9406601
9435889
9435891
9435893
9435894
9435896
9435902
9435905
9435911
9438028
9457242
9464360
9464361
9464368
9479479
9484491
9484499
9484511
9513596
9526565
9526574
9544204
9544206
9544210
9544217
9544219
9545432
9548812
9548815
9554868
9554879
9572889
9572893
9572894
9572896
9572899
9599235
9599244
9622544
9622548
9632352
9632357
9632361
9651154
9651157
9651168
9653548
9667965
9667968
9667970
9667973
9667975
9667976
9685242
9703459
9703462
9703471
9719591
9719594
9719599
9719603
9733489
9733491
9733496
9733499
9733501
9748360
9767632
9767633
9767634
9767642
9767643
9784091
9784092
9784096
9784103
9784108
9784114
9784179
9793839
9804693
9804697
9818151
9822547
9822552
9836616
9836620
9836621
9836622
9857082
9857086
9857090
9857094
9871513
9871521
9871525
9871534
9871538
9871540
9871548
9871561
9871570
9871584
9871596
9871622
9871623
9871629
9871663
9871666
9871686
9871704
9871716
9871717
9871752
9871763
9871765
9871768
9871770
9871775
9873373
9873380
9873386
9873391
9873392
9873397
9873422
9873433
9873435
9873461
9873464
9873471
9873496
9873508
9873513
9873532
9873561
9873563
9873594
9873602
9873609
9873612
9873615
9873626
9873633
9873635
9873643
9873644
9873675
9873681
9873682
9873696
9873697
9873734
9873735
9876106
9925440
9925725
9934474
9934485
9986702
9986712
9986714
9986723
9990463
10021917
10021941
10021945
10052966
10052980
10072684
10090784
10090787
10090792
10091677
10091692
10098666
10197963
10197964
10197965
10197967
10197970
10201840
10201841
10201842
10201846
10201849
10206549
10212133
10229619
10229631
10229632
10230615
10230628
10230629
10230641
10340602
10340616
10340624
10346927
10346937
10346939
10354408
10360732
10360749
10360758
10375538
10377234
10377235
10386932
10386947
10395480
10395488
10397508
10411485
10411492
10411602
10425083
10425084
10450949
10450972
10450991
10450992
10464027
10479277
10479290
10479291
10479295
10479306
10498189
10498210
10508425
10508427
10509919
10509927
10509933
10514278
10514298
10522694
10522697
10522698
10522702
10543881
10543883
10543887
10571165
10585206
10602693
10612594
10617086
10617088
10633035
10639276
10639279
10639281
10639284
10639287
10639289
10662686
10669559
10673095
10673099
10691680
10691681
10691690
10691692
10698455
10714498
10714503
10714509
10714510
10715144
10715145
10715149
10715151
10715159
10715163
10737749
10737755
10741546
10741553
10743938
10743947
10743955
10753480
10780899
10782669
10782670
10782673
10782674
10782682
10794681
10794683
10794684
10794700
10821707
10821708
10821715
10841807
10843219
10843230
10853645
10853646
10853677
10866373
10866375
10866390
10866399
10869198
10882369
10882371
10882373
10882376
10890171
10891118
10893301
10903938
10915040
10937710
10937733
10937738
10956191
10956209
10966739
10966742
10969972
10969973
10978189
10980448
10999999
11000003
11000009
11000011
11020275
11020287
11020291
11027568
11052790
11052804
11052805
11052808
11063601
11063604
11063605
11078192
11078195
11087558
11087572
11087576
11087577
11087581
11090628
11101350
11123999
11124001
11133082
11133088
11140724
11140732
11150166
11150172
11170646
11170650
11170652
11182316
11206448
11206450
11212093
11212095
11212115
11229746
11229766
11229777
11266173
11266180
11266182
11266183
11277515
11277524
11294380
11297447
11297448
11300873
11300879
11300881
11311067
11312924
11312929
11327592
11327603
11354355
11356099
11356100
11356110
11378372
11378374
11384231
11384235
11405657
11405659
11405660
11405661
11410378
11412967
11412983
11412984
11425524
11425531
11425534
11425546
11428921
11428923
11428926
11430001
11451670
11454469
11454472
11454473
11454474
11459636
11459640
11459642
11459661
11495587
11495596
11496833
11514140
11514141
11514156
11514167
11520196
11520199
11520211
11527721
11527737
11549459
11549463
11549467
11551755
11551765
11563929
11585449
11591508
11591512
11597403
11597413
11597419
11606122
11677124
11677135
11689063
11689065
11689081
11689089
11697047
11701096
11708906
11708914
11708917
11708928
11708930
11708931
11714616
11720854
11720865
11720869
11728188
11728193
11728194
11738561
11738577
11741469
11741471
11741475
11741488
11754575
11754578
11754592
11755339
11755349
11755350
11755395
11784143
11784155
11784158
11806709
11806715
11814779
11814784
11814789
11814790
11814804
11814816
11814819
11814821
11831887
11831892
11831905
11831909
11844664
11844665
11844675
11844688
11844706
11859001
11859003
11881984
11906293
11909704
11909705
11909727
11916140
11916147
11931608
11931610
11931615
11931622
11931625
11960489
11960496
11960501
11961113
11965363
11965371
11965378
11965379
11985469
11985476
11985477
11992780
11992781
11992787
11992791
12014961
12031323
12031332
12036354
12036372
12036373
12039562
12061879
12061882
12061890
12067543
12067557
12067561
12086485
12086493
12109905
12109914
12109915
12113813
12113833
12127519
12127532
12127533
12127534
12127536
12127545
12139447
12139454
12139455
12139462
12161114
12161118
12161137
12161144
12166927
12166947
12166950
12182851
12182854
12182858
12182860
12182861
12182862
12182870
12190308
12190310
12190311
12190312
12190315
12190321
12213051
12213052
12213053
12213067
12213075
12217358
12235267
12238914
12238918
12238919
12238926
12238929
12238932
12270162
12270165
12270167
12270175
12270183
12270191
12361385
12361386
12361398
12361401
12362366
12365460
12372504
12372510
12372520
12372521
12372529
12372530
12372531
12408704
12408705
12408715
12419381
12419390
12431054
12431055
12431059
12431063
12443791
12459017
12467633
12477346
12477350
12477351
12477357
12482434
12482435
12482437
12502358
12502359
12502364
12519057
12533678
12538807
12540230
12540232
12565933
12565944
12565961
12569305
12570367
12593660
12617894
12617924
12620078
12636153
12639569
12643927
12643939
12643943
12646036
12649369
12657254
12657261
12657263
12657268
12657270
12657271
12657272
12668011
12672231
12672232
12672253
12672255
12672258
12683677
12699390
12699745
12723943
12723945
12729650
12729655
12729668
12739759
12747782
12747796
12749898
12749900
12749901
12749903
12749904
12773029
12773035
12773039
12773058
12781181
12781183
12781191
12781197
12781198
12781199
12798330
12798332
12798335
12801232
12824018
12824039
12825927
12825948
12825950
12825957
12852748
12852750
12852751
12852756
12852947
12852950
12852966
12873485
12873499
12873500
12873517
12877579
12877591
12904058
12904063
12904069
12930139
12930147
12930150
12941327
12941339
12941343
12941345
12951082
12951091
12951102
12951127
12954051
12954061
12954062
12954065
12954071
13678399
13678402
13678410
14285251
14505655
14505666
14505678
14505681
14521407
14521410
14522054
14552774
14552778
14552786
14561080
14584939
14584948
14584959
14592493
14592494
14592504
14592505
14592510
14613314
14613327
14640544
14640550
14640557
14643316
14643322
14643336
14643350
14643357
14684315
14684331
14684333
14684335
14684337
14684339
14684340
14684341
14684344
14695816
14695833
14698164
14698167
14698176
14700626
14711299
14711307
14711311
14711315
14718605
14736240
14736243
14736247
14736254
14741263
14741287
14741290
14741296
14755051
14761180
14761190
14761191
14761197
14971895
14998323
14998329
14998337
14998340
15006411
15007102
15012985
15013003
15026035
15026044
15026045
15026056
15027861
15050614
15050621
15055985
15055988
15055994
15056000
15059881
15080982
15080983
15081005
15081034
15081042
15084117
15084118
15084127
15084133
15115380
15115385
15115391
15115392
15115401
15123247
15125928
15125947
15125957
15125965
15139748
15149640
15149647
15149652
15149654
15149669
15149671
15149684
15149689
15149692
15155841
15163192
15163205
15177440
15177462
15177467
15177473
15177483
15189039
15203136
15203153
15203161
15203164
15214773
15214791
15225685
15225686
15225695
15225711
15225729
15239649
15239664
15239665
15240100
15261262
15261290
15261300
15267242
15293980
15293997
15294001
15317461
15317467
15324873
15331656
15341477
15341484
15341487
15341935
15357960
15357971
15357985
15357997
15359574
15380198
15380200
15380202
15380208
15380227
15386482
15454214
15454230
15454231
15456252
15456260
15456267
15466206
15481977
15481991
15481994
15482934
15482953
15489169
15501037
15501038
15501053
15509155
15509161
15509165
15537338
15537350
15546711
15546739
15546740
15558955
15566283
15566287
15568770
15582409
15582410
15582430
15582439
15588074
15588094
15588097
15615518
15615519
15615528
15634002
15634016
15634020
15640376
15658860
15662962
15664830
15664832
15686892
15686912
15686946
15696597
15711537
15713403
15713407
15713415
15713416
15742375
15743173
15743191
15743192
15743195
15743198
15745800
15745802
15745810
15745819
15745824
15771412
15771431
15771438
15771468
15780604
15780608
15780609
15780617
15780624
15780628
15801816
15801817
15801820
15801838
15801843
15801854
15808471
15808474
15808475
15808477
15808487
15808489
15828816
15828825
15828828
15828845
15837303
15837327
15850984
15857110
15857128
15857138
15857143
15857151
15863293
15863299
15863309
15893927
15893929
15895683
15896958
15908201
15908204
15911249
15911262
15911265
15916415
15923115
15943470
15943473
15943486
15950464
15951171
15953724
15974575
15974577
15974590
15974597
15978807
15993063
15993582
15993594
15999987
15999989
16005215
16005216
16005627
16033252
16033263
16033265
16033272
16061379
16078825
16078832
16078833
16078840
16107136
16107138
16107143
16107150
16107154
16107158
16107159
16107162
16112571
16112583
16115769
16125384
16134928
16134929
16134939
16134944
16134949
16137882
16137885
16143528
16153836
16153841
16153845
16162001
16162002
16162005
16162009
16162010
16183025
16183273
16190744
16190758
16190772
16198561
16202583
16203140
16206837
16213543
16213710
16216501
16216504
16220969
16236498
16250640
16250656
16250669
16257207
16260133
16263282
16266803
16274990
16275073
16275077
16275085
16275086
16275087
16279783
16279787
16289813
16289818
16290140
16290934
16297621
16300947
16302793
16302825
16309311
16309907
16321527
16335927
16338239
16364638
16366591
16366592
16366601
16376076
16376078
16384704
16386417
16392801
16392816
16392821
16392826
16403626
16407991
16408003
16412637
16413780
16434618
16439116
16451051
16451062
16451063
16451067
16451073
16451077
16451081
16458003
16469866
16480267
16480279
16480869
16492568
16495061
16503142
16513345
16529931
16539376
16546385
16570919
16603355
16610783
16610800
16632355
16632359
16640326
16640329
16640330
16644221
16650762
16677812
16678413
16686532
16714110
16722627
16722642
16722660
16730977
16750366
16750626
16753296
16759088
16759089
16759105
16759107
16759113
16759115
16759857
16765046
16766182
16789756
16809035
16821769
16821773
16821781
16821786
16828552
16854051
16854066
16854081
16854085
16870426
16872146
16873019
16873026
16879961
16879962
16884302
16887348
16889961
16892341
16919453
16919456
16936720
16949282
16949283
16950617
16950620
16970399
16970404
16973358
16979341
16987661
16990002
17005393
17005394
17034119
17034149
17035010
17035013
17046253
17062777
17067175
17084634
17088057
17095223
17097877
17098432
17107791
17107794
17107796
17110113
17112638
17125248
17125259
17125260
17125262
17125263
17129725
17129726
17154503
17154517
17157013
17174090
17174091
17185414
17188866
17197177
17201419
17234414
17237762
17251021
17257835
17258455
17258463
17266198
17267215
17276680
17291041
17292606
17292608
17293875
17300164
17300166
17302398
17311371
17315856
17315857
17315860
17329109
17336520
17343371
17346859
17348638
17350267
17350835
17352465
17371869
17379517
17391964
17408249
17418570
17425298
17441903
17441906
17448656
17459702
17459711
17465519
17477516
17482722
17482819
17485209
17489570
17489573
17489574
17490875
17490886
17507225
17512966
17518352
17523610
17524639
17524643
17532641
17533125
17535802
17539822
17539825
17540562
17544282
17552508
17553678
17553679
17553681
17555306
17560111
17560785
17562362
17571865
17573346
17574413
17574424
17576063
17581239
17582659
17584609
17587578
17602546
17604169
17604625
17608398
17608532
17616395
17616632
17618015
17623649
17624774
17624777
17643112
17646169
17656313
17672446
17672447
17681796
17685603
17689078
17692999
17703938
17707640
17709248
17722902
17722904
17723298
17761416
17764935
17766112
17804234
17822895
17824679
17824680
17827008
17827014
17827018
17845020
17848577
17851073
17855357
17870209
17890084
17911024
17919904
17922005
17931866
17941622
17963373
17964792
17976986
17985859
17988101
17994683
18006312
18006322
18022559
18023179
18029176
18029178
18030989
18032038
18033297
18038970
18044841
18054230
18060776
18061451
18077363
18078748
18082401
18083553
18095642
18096504
18162399
18181565
18183025
18183945
18198823
18215774
18220330
18226895
18226913
18243691
18243699
18243712
18255290
18257512
18258426
18261902
18272370
18276138
18280733
18282707
18287029
18291645
18291646
18304819
18307303
18308567
18313309
18313933
18318463
18318468
18318470
18321038
18321611
18324926
18329751
18338843
18341250
18341266
18366176
18370374
18378462
18394886
18394887
18396041
18400336
18400499
18408713
18408714
18417348
18419112
18420310
18420409
18434149
18440811
18442912
18457385
18462938
18467103
18477507
18490451
18502123
18502134
18504132
18511284
18513967
18524591
18550372
18553958
18554903
18558486
18562199
18565342
18578476
18588279
18608752
18608755
18608771
18614364
18621528
18629680
18635349
18639455
18640038
18662876
18666000
18674903
18674906
18680269
18684621
18686943
18691892
18698756
18701276
18706809
18710208
18722119
18722120
18722770
18728003
18752949
18760862
18774793
18781777
18783204
18789861
18790640
18800769
18800771
18805692
18818088
18825527
18826205
18828583
18829311
18829330
18829454
18842591
18947994
18950149
18951238
18952422
18972510
18976908
18976927
18989912
18990568
18993064
19014886
19026537
19026552
19042133
19053766
19053770
19056263
19062274
19071018
19072656
19081254
19081260
19090918
19097893
19101476
19115816
19125156
19128977
19135377
19136257
19136975
19138517
19152637
19167883
19168263
19170619
19179082
19186055
19188065
19191554
19191585
19199329
19199652
19206187
19208472
19230660
19231178
19231185
19237282
19239230
19239259
19246010
19256534
19269173
19269962
19270684
19284751
19289283
19290642
19301897
19305397
19309155
19317445
19328684
19329325
19331412
19349176
19359241
19362831
19366247
19376698
19376700
19379014
19389627
19398333
19406638
19409795
19423341
19425594
19432421
19432422
19433355
19434638
19442519
19443219
19447040
19467869
19469556
19472977
19481449
19481466
19481932
19487124
19502057
19502066
19507861
19515569
19530681
19537763
19541481
19549076
19553112
19556125
19559623
19560918
19581086
19592244
19592247
19595590
19595598
19610618
19616432
19620010
19633659
19635667
19635669
19639995
19646865
19647429
19648931
19663506
19664922
19668195
19690175
19700325
19702274
19703035
19703036
19719236
19719241
19720528
19729306
19729315
19739647
19740654
19767208
19780074
19791743
19791803
19803524
19804969
19807124
19807733
19817384
19819046
19821563
19824891
19827750
19831400
19842661
19853439
19854049
19856920
19864132
19864133
19875078
19875287
19879752
19879754
19886609
19895503
19902954
19902958
19914063
19926282
19954248
19963374
20004099
20005096
20005703
20005711
20014870
20020710
20022752
20030517
20031410
20036561
20045645
20060304
20061381
20079636
20081854
20095577
20096591
20126400
20133028
20137938
20144871
20153647
20153652
20167483
20172721
20175517
20176484
20187655
20188550
20188553
20189103
20189109
20192225
20192270
20202837
20202841
20202843
20218621
20218623
20219371
20219372
20232824
20235752
20299214
20338760
20345101
20346665
20347296
20347304
20347593
20347594
20350005
20355712
20356305
20369879
20371178
20378345
20378346
20409707
20423086
20430618
20441173
20444281
20444603
20452212
20457518
20465311
20469868
20472448
20498372
20518551
20537438
20547808
20553023
20553118
20554448
20558059
20560595
20568732
20570157
20570525
20570528
20578711
20579878
20580553
20583855
20584610
20591663
20598882
20598885
20609415
20614940
20615697
20627722
20634071
20637637
20638278
20638279
20667729
20669927
20672340
20672822
20674355
20674357
20675136
20691511
20701394
20704351
20709545
20727747
20728966
20797617
20801030
20801039
20804212
20813523
20817521
20822184
20822906
20827790
20839777
20860527
20864344
20869254
20888766
20925410
20925433
20932009
20933410
20933417
20934331
20937561
20939765
20952195
20962348
20966043
20971650
20973483
20979384
21035731
21035734
21036609
21044842
21051228
21058632
21062081
21071232
21073190
21074436
21075627
21075638
21080630
21094606
21105658
21106375
21106456
21108268
21121641
21129966
21138269
21146988
21147532
21155570
21158453
21168763
21170122
21171894
21183344
21185722
21190850
21193314
21194936
21195614
21195616
21208803
21237643
21257309
21275407
21277198
21277205
21295478
21296466
21299452
21315584
21334892
21334894
21344906
21348462
21353541
21354674
21354793
21381769
21381887
21388809
21391689
21395312
21398125
21402443
21413804
21413808
21414780
21414782
21417463
21419626
21428295
21441027
21444206
21453995
21456625
21486695
21493064
21493073
21498080
21511471
21514825
21524576
21528910
21538764
21549593
21555222
21557540
21566738
21570844
21609408
21609838
21615150
21618986
21621811
21634396
21635211
21635213
21669533
21688779
21689935
21718050
21723724
21751327
21763147
21782428
21783360
21783362
21791013
21802008
21827363
21831636
21838322
21840217
21852128
21852130
21855337
21856155
21863888
21870818
21870874
21880720
21885167
21885275
21885277
21889349
21902230
21903392
21907579
21914812
21916484
21916510
21919481
21924902
21930376
21937153
21944381
21944856
21950613
21950657
21955944
21962147
21966889
21969368
21982495
21983439
21984832
21992004
22014750
22014755
22019296
22030026
22037378
22047688
22061638
22061641
22070604
22078214
22079756
22088753
22100314
22104142
22104144
22104149
22119341
22128851
22130134
22133631
22137598
22145694
22148748
22148838
22153347
22153937
22171543
22172309
22172704
22185225
22196621
22197391
22209457
22211528
22216892
22217876
22225639
22230199
22233539
22233543
22236250
22257889
22260081
22266036
22268551
22284817
22284818
22297114
22300657
22310230
22318156
22318160
22325949
22335602
22340081
22341244
22352782
22365757
22370269
22377517
22381047
22381334
22386241
22386243
22386665
22386979
22405291
22408719
22429467
22429468
22437830
22459213
22460951
22465636
22465637
22468750
22468757
22482720
22483585
22494842
22500977
22503248
22503453
22507963
22512468
22512727
22519963
22524527
22533875
22546204
22552008
22563707
22564380
22572578
22572579
22583616
22583618
22589534
22591063
22607673
22607676
22613098
22630073
22633692
22645149
22647217
22679214
22683222
22694093
22695132
22724451
22726458
22726671
22742641
22748706
22749422
22749826
22750010
22753086
22764122
22765237
22784008
22788932
22795332
22796184
22803810
22837811
22841006
22845053
22866979
22871578
22873688
22884988
22901043
22901390
22901672
22920150
22926069
22928944
22931505
22938723
22939233
22957724
22959244
22978415
22981332
22985958
22985961
23009245
23018094
23025891
23040732
23043264
23046963
23051174
23058884
23062550
23064123
23072213
23075067
23079530
23084275
23084894
23089526
23092294
23098566
23098605
23102207
23102273
23121096
23129510
23129539
23138692
23141913
23142617
23149230
23177783
23177787
23199477
23200253
23217961
23218712
23259031
23265881
23265901
23275348
23276447
23279862
23281966
23306195
23308336
23311976
23323953
23324405
23333207
23339426
23344974
23347803
23352509
23356427
23363077
23374867
23380378
23384387
23395664
23398677
23406473
23414838
23416001
23421555
23432612
23434031
23473945
23488740
23502212
23510563
23541651
23541833
23562060
23571415
23582779
23594083
23597047
23597102
23601709
23603658
23606928
23608764
23621789
23632269
23659855
23679955
23683440
23688559
23707254
23707259
23713606
23718281
23738526
23746300
23746476
23756062
23770058
23777778
23787290
23806555
23810496
23816043
23822516
23831134
23831135
23838260
23865723
23869564
23888932
23891183
23891184
23895492
23902803
23910984
23911092
23916258
23932788
23932792
23935105
23940047
23941044
23952265
23953070
23955344
23957301
23961878
23978130
23993332
23993334
24003220
24004110
24007860
24015910
24040486
24040835
24050755
24050887
24063433
24070012
24075145
24090364
24094816
24099996
24125884
24129576
24135724
24139167
24157366
24164581
24164628
24164966
24171478
24171552
24175572
24175626
24177366
24194519
24215889
24220171
24228714
24239189
24239482
24246730
24251366
24279689
24291040
24295325
24299557
24300734
24314880
24315190
24332089
24332494
24360604
24362350
24365158
24365162
24393583
24405172
24405213
24406103
24443569
24445310
24457093
24471857
24495018
24502334
24507922
24513044
24534538
24559070
24568185
24568695
24571273
24583379
24602792
24602793
24611085
24613378
24630411
24632506
24636540
24648867
24649848
24674599
24685112
24697360
24707807
24712832
24720475
24735492
24735644
24738581
24745969
24753254
24755431
24767852
24773054
24773565
24797455
24797717
24803299
24809814
24814197
24821375
24824984
24831826
24839540
24850589
24863981
24878222
24880903
24881566
24884590
24884675
24900202
24900217
24900227
24900235
24900253
24900255
24900263
24900280
24900283
24900286
24900287
24900288
24900290
24900295
24900318
24900372
24900374
24900409
24900416
24900447
24900461
24900463
24900466
24900506
24900508
24900517
24900524
24900539
24900564
24900606
24900622
24900649
24900661
24900672
24900684
24900695
24900707
24900747
24900754
24900757
24900763
24900769
24900831
24900842
24900845
24900872
24901260
24903735
24914612
24922538
24925519
24931384
24944732
24944740
24959892
24960305
24961642
24973818
24977643
24980053
24992374
25001129
25007099
25017035
25019478
25035921
25050169
25052427
25052428
25101488
25122135
25127101
25171780
25180768
25208139
25241927
25247671
25248679
25248680
25252784
25254961
25255039
25264075
25268943
25272206
25283372
25298094
25305688
25313322
25343529
25346381
25359714
25382253
25384240
25384256
25441013
25441945
25453512
25455491
25455494
25462276
25462626
25491112
25494650
25497490
25513968
25516785
25516790
25516791
25516794
25532755
25544687
25559213
25583099
25592716
25593096
25597334
25599839
25611072
25619742
25633969
25666818
25676607
25683622
25699144
25701253
25703248
25711603
25734236
25746814
25752984
25756620
25790336
25793650
25813158
25813897
25815144
25815149
25815151
25840886
25856547
25864869
25868749
25879485
25882522
25890697
25893046
25901762
25905598
25951978
25970039
25978964
25981690
25984647
25987375
25998501
26022839
26023814
26032487
26041577
26045032
26046313
26048789
26048791
26048793
26051755
26061284
26081758
26087938
26099069
26101566
26112443
26117562
26125514
26189013
26191358
26191364
26200813
26203768
26212776
26225816
26227772
26231155
26233798
26241875
26275866
26288682
26288683
26288692
26288697
26298493
26299826
26299827
26316468
26317591
26322521
26331194
26355531
26356532
26363507
26367138
26390252
26393276
26398140
26398141
26407012
26408814
26421921
26426481
26432605
26436839
26469557
26471092
26475522
26496408
26546213
26562542
26565745
26568144
26575458
26588045
26602277
26608552
26613420
26616289
26620255
26631441
26656913
26670081
26685080
26685731
26687487
26701387
26706173
26709102
26713106
26725951
26744768
26750252
26750258
26751273
26761776
26774923
26786693
26789378
26795113
26810316
26819665
26841168
26850003
26862767
26878082
26878262
26878596
26878898
26894559
26895387
26905390
26915401
26922232
26924461
26946324
26965862
26985316
26985317
26985321
26988304
26990539
27007185
27011007
27013388
27020304
27020685
27045975
27049670
27055938
27061986
27075367
27077528
27077565
27096038
27113097
27113261
27131990
27132867
27133596
27136302
27140209
27153347
27161805
27173801
27185330
27190594
27212066
27229618
27234146
27234885
27240466
27261181
27266371
27268696
27270029
27275946
27285276
27295337
27309907
27321813
27326332
27331911
27341379
27352042
27364610
27369451
27372840
27394666
27413802
27427228
27427902
27429255
27437074
27437083
27437828
27474804
27482618
27490827
27513008
27539118
27543880
27560280
27563392
27564135
27567078
27570878
27580186
27588346
27595330
27597247
27607900
27608177
27639361
27641472
27647366
27652492
27690430
27692832
27712055
27718472
27726356
27726358
27727125
27731641
27731647
27744115
27749056
27750057
27766867
27768280
27774136
27775715
27783523
27791347
27798827
27809417
27823886
27840070
27863017
27908761
27933955
27936595
27939174
27958734
27958743
27976894
27989666
27992102
27994732
27994760
27994765
28001064
28002967
28089699
28103022
28105274
28105282
28105284
28109949
28117994
28135235
28143657
28148462
28151659
28165741
28169162
28181383
28185720
28190653
28212021
28216405
28218845
28231521
28238723
28248104
28262556
28262558
28285923
28314097
28318945
28319389
28337332
28339199
28368581
28374589
28389149
28390958
28390994
28406627
28408219
28411406
28426931
28430437
28431879
28433511
28442253
28453292
28479196
28481076
28485934
28489379
28492317
28493698
28523109
28523115
28528302
28537398
28537730
28539220
28569147
28571973
28575722
28576617
28605676
28606760
28608697
28621538
28626530
28633897
28633899
28657320
28657744
28673732
28688957
28689977
28704052
28715213
28740600
28740612
28745507
28745513
28763213
28793191
28796488
28800453
28802631
28810189
28826086
28849908
28850227
28866269
28870802
28876062
28943244
28947942
28947948
28949521
28958620
28972753
28977749
28987607
28987611
29035567
29045152
29057041
29089231
29094937
29100735
29107424
29131958
29146472
29148806
29152041
29152051
29153628
29198864
29233651
29254895
29259753
29259756
29268131
29272749
29273395
29288071
29300474
29316397
29324345
29328660
29350534
29363967
29366647
29400967
29402611
29406702
29407590
29424542
29425816
29426768
29446949
29456108
29456796
29457894
29477076
29500940
29518319
29519738
29534798
29548573
29562737
29620890
29620897
29627981
29628329
29631962
29636218
29641204
29649742
29655612
29660984
29669202
29670687
29670688
29671588
29705709
29709786
29735425
29741897
29751234
29754948
29763304
29778894
29779975
29779976
29795753
29805055
29812929
29851477
29856219
29857275
29860841
29866479
29870668
29902723
29906396
29908442
29909635
29939028
29939744
29944371
29960207
29969256
29980358
29999316
30010338
30015488
30034584
30034593
30034601
30034614
30052039
30055887
30075623
30080404
30086626
30091600
30091920
30096653
30100020
30106578
30125720
30141927
30177375
30183282
30189396
30199635
30199637
30205005
30215258
30223118
30227353
30253886
30257092
30258544
30296685
30317024
30336025
30340900
30344897
30344900
30350962
30351933
30365309
30366253
30384043
30389294
30392954
30413535
30429949
30431269
30447434
30471551
30496988
30500190
30503944
30522952
30525590
30540174
30543421
30583970
30587451
30594432
30594433
30596500
30598349
30605331
30608678
30613321
30613325
30613326
30615452
30620187
30628789
30640465
30655946
30660827
30676015
30682248
30689376
30702885
30715878
30718161
30721053
30728111
30753076
30773432
30785748
30792038
30824200
30826511
30829478
30852386
30869888
30883109
30891122
30891130
30891132
30891137
30891142
30897325
30910459
30939351
31010722
31034224
31050898
31072652
31077998
31098001
31101471
31101493
31104995
31112893
31113706
31151068
31202991
31246024
31248774
31255924
31255928
31257087
31266686
31276409
31276898
31283217
31288128
31298539
31300316
31302448
31312409
31312410
31318208
31326599
31344615
31358468
31377035
31390201
31401465
31404862
31413801
31413808
31419779
31469288
31471102
31487175
31494471
31498617
31526003
31532206
31532662
31537425
31550662
31566384
31581003
31599580
31613617
31620221
31620238
31623970
31638797
31670201
31670514
31678007
31679973
31721581
31727470
31732253
31746599
31749906
31749908
31756109
31784320
31787491
31818630
31830636
31843464
31850759
31855793
31882297
31898999
31913038
31918952
31930920
31932225
31940200
31948845
31952960
31952965
31987694
32005415
32008883
32031378
32035698
32052631
32058712
32063431
32071685
32078860
32109056
32122737
32130004
32141297
32173198
32182489
32202101
32203790
32249116
32253226
32282200
32292542
32324396
32330036
32330040
32334911
32334912
32336498
32339855
32342685
32345019
32352776
32356658
32371100
32407089
32407112
32420741
32463237
32485531
32527453
32539376
32546302
32551004
32551009
32551018
32551020
32551022
32558564
32614182
32616180
32631506
32631525
32631554
32652407
32667814
32673481
32673492
32686940
32690264
32696648
32731185
32736080
32738966
32781218
32786237
32787077
32787112
32787142
32805118
32805408
32820629
32832022
32845153
32847363
32852058
32870008
32878437
32882417
32883072
32886507
32890686
32898816
32902268
32911308
32944143
32944146
32966895
32971427
32980512
33007551
33021789
33035677
33035923
33062188
33065436
33065437
33096162
33111525
33120080
33125843
33127539
33129991
33132115
33139111
33148492
33160760
33170687
33189437
33197196
33213146
33243532
33257173
33267584
33307675
33314938
33316692
33321261
33326237
33335658
33335675
33346636
33356248
33360799
33360803
33369416
33372800
33382613
33387904
33399458
33422603
33422983
33439019
33454387
33470814
33479684
33479693
33486199
33488976
33492963
33528252
33540044
33548634
33548637
33548803
33550084
33556572
33569941
33591748
33591756
33601313
33603977
33630609
33636307
33636537
33689340
33691168
33705126
33705900
33721487
33724031
33730624
33738077
33764785
33769827
33771587
33773287
33798699
33839252
33843223
33844532
33847501
33865968
33890770
33901643
33901899
33902275
33974419
33984476
33988358
33992930
33998786
34003642
34006099
34008968
34010766
34028270
34029463
34055224
34080424
34095838
34101446
34107682
34110150
34110814
34126459
34138572
34141090
34152143
34153473
34153839
34161090
34161094
34170694
34213340
34213345
34233115
34251209
34251799
34267885
34271072
34284107
34304559
34313432
34315039
34342224
34342443
34355178
34375108
34408808
34413952
34413964
34415150
34431664
34436882
34458739
34461178
34499493
34505767
34519505
34519506
34531948
34531950
34531959
34536667
34536672
34581584
34587541
34591488
34600035
34606259
34607200
34626877
34626901
34634617
34647738
34651447
34661404
34665619
34671731
34695709
34695776
34705456
34709814
34710747
34714078
34726055
34748345
34767347
34776280
34794000
34795864
34798775
34802839
34825182
34825191
34839661
34855388
34861349
34889100
34902735
34905377
34908407
34922191
34928151
34928152
34958586
34971876
34995453
34998040
34998058
35032608
35033884
35051575
35051577
35051578
35051750
35059124
35060744
35063634
35063736
35068155
35077170
35108011
35123298
35157454
35164509
35175768
35176563
35179904
35195401
35248836
35271288
35279606
35296453
35308023
35315650
35325635
35333039
35352560
35364524
35397399
35416668
35417155
35436669
35450366
35450368
35462165
35513222
35550979
35567964
35594649
35598527
35605837
35644300
35647711
35653645
35660250
35671593
35671848
35688367
35694688
35704802
35717872
35729784
35771181
35786895
35797110
35797147
35849804
35859865
35870729
35926511
35928856
35939391
35947786
35963129
35964426
35969159
35978688
35981459
35984707
35984914
36044257
36058089
36070471
36075145
36099150
36099411
36105332
36105340
36107013
36113671
36126323
36150079
36150180
36154033
36155354
36174413
36179400
36184030
36198216
36201304
36202064
36228194
36228968
36242992
36262387
36262401
36265019
36274276
36306471
36325400
36368496
36395649
36402081
36440853
36459083
36462438
36473103
36484801
36508969
36518697
36518701
36528230
36542836
36542958
36547402
36549396
36566711
36566716
36580745
36621179
36624931
36640928
36655128
36655130
36669370
36682291
36690040
36696767
36716420
36745746
36753922
36793422
36793431
36802610
36840990
36841086
36847646
36870623
36883854
36893624
36932954
36965226
36966977
36988587
37003157
37012671
37017305
37027512
37028120
37030194
37043995
37054560
37054759
37068385
37077394
37078976
37087895
37122539
37127287
37163340
37178483
37187090
37197455
37197478
37269667
37294287
37312837
37315697
37336082
37339079
37352796
37360394
37377342
37413879
37421373
37437224
37440686
37440703
37458396
37465295
37578463
37582195
37583811
37583812
37583816
37646374
37702400
37713804
37793328
37813065
37838344
37862818
37866335
37879043
37883692
37888788
37902300
37943932
37974956
37976806
37976807
37991844
38009718
38015878
38079537
38085679
38096366
38107177
38116420
38128906
38158562
38190615
38194776
38197367
38199163
38295689
38301029
38352830
38352833
38352849
38360418
38363069
38385264
38401456
38417155
38430853
38432059
38436272
38516594
38527911
38530741
38588626
38635563
38665826
38704942
38711345
38716967
38741265
38748608
38754142
38784462
38787938
38801798
38885438
38888621
38894930
38905539
38932616
38971049
39026657
39078401
39102524
39149105
39191400
39221768
39291008
39291015
