10048786
15173008
15620258
17135248
17149856
17174554
17259979
17350953
17395594
17425296
17869387
18191399
18343125
18448338
18571929
18578470
18762423
18799314
18952417
19072214
19113866
19289525
19348465
19427203
19553108
19610618
19654408
19734051
19762236
19778024
19783435
19954970
20022510
20053779
20151670
20166671
20171097
20188543
20188579
20303626
20469887
20541404
20570149
20570526
20591679
20594841
20598883
20833039
20943388
21030256
21080629
21106457
21138246
21167721
21227690
21388717
21608528
21617763
21958547
22014826
22101132
22148278
22222036
22233320
22264479
22381355
22489897
22520259
22524426
22533986
22662287
22695182
22726931
22819764
22827572
22835870
22877636
22913511
22980218
23098091
23116168
23362959
23376997
23379595
23458846
23484434
23521020
23735281
23859777
23880539
23899692
23988354
24072703
24113239
24127873
24195762
24219778
24359159
24360826
24485121
24673104
24685542
24900225
24900437
24900464
24900593
24900750
24915291
25068800
25233084
25240614
25244355
25288188
25393557
25406853
25462267
25569119
25587754
25621531
25650310
25730262
25835317
25922180
26081023
26101569
26101577
26164189
26214366
26288683
26432604
26487917
26502061
26562217
26717201
26771861
26824386
26878898
26943489
26951753
26968253
26985287
27045975
27075367
27085672
27136719
27155900
27299736
27305487
27476140
27528434
27529700
27545040
27561716
27584694
27594550
27739679
27769621
28004573
28105283
28140585
28225269
28280261
28282122
28284870
28296398
28302507
28315597
28505447
28533114
28561591
28711351
28737909
28759231
28792760
28818446
28835793
28835804
28951092
28986130
28991472
29111705
29150397
29208522
29211480
29232579
29244490
29328999
29385334
29426628
29456795
29461827
29541367
29559278
29636220
29656197
29715023
29807795
29856759
29902723
29937979
29939744
29985601
30031975
30034588
30075999
30180563
30193214
30216722
30223116
30228000
30243589
30460842
30463802
30472599
30507174
30530193
30582813
30600149
30613331
30615446
30655950
30689376
30689946
30846405
30956011
30998356
31046271
31097999
31100649
31117515
31129450
31223443
31250638
31252305
31260299
31312404
31381333
31465220
31581004
31589043
31614258
31620236
31627059
31721578
31740251
31771828
31810784
31830635
31848333
31895562
31955578
32044231
32084316
32092587
32151835
32205046
32383881
32389527
32433887
32463237
32689795
32717614
32736077
32886509
32910656
32912429
32947226
32949955
32989985
33058670
33180507
33540357
33582577
33631934
33650861
33724834
33730624
33738076
33822624
33830764
33857374
33892273
33975430
34041490
34086472
34110834
34147909
34154424
34161865
34176264
34184879
34213345
34236862
34264658
34270254
34297567
34364162
34415745
34431664
34459599
34529443
34533957
34607435
34619465
34672559
34688014
34742017
34790292
34795857
34821145
34890995
34952433
35033885
35041419
35099969
35131538
35138851
35171586
35247756
35257579
35259690
35261239
35357160
35426680
35440138
35468293
35531606
35551036
35586420
35653642
35687347
35688004
35717870
35749986
35814933
35867655
35912476
35914250
35939993
36068975
36074125
36173763
36197750
36205223
36262391
36274273
36324498
36331527
36335744
36385925
36462441
36603510
36621137
36628851
36634151
36640459
36692394
36749109
36781172
36893622
36893627
37023678
37062169
37156182
37163946
37201428
37204466
37276143
37366223
37377342
37382562
37438908
37531582
37683362
37683364
37688996
37783102
37796543
38009718
38031930
38033250
38116446
38146659
38166392
38227216
38359536
38389871
38389874
38430853
38479166
38592948
38754142
38847373
39041662
39149096
39163191
39172943
39254660
39356741
39361813
